2.454845553920340606e+01 1.381731404914775772e-02
2.454845553911941636e+01 1.381731404981630627e-02
2.454845553901655819e+01 1.381731405060773049e-02
2.454845553919166790e+01 1.381731404926592535e-02
2.454845553917213863e+01 1.381731404939894568e-02
2.454845553921042267e+01 1.381731404910260114e-02
2.454845553908247879e+01 1.381731405010580040e-02
2.454845554437182287e+01 1.381731402010212377e-02
2.454845553899622246e+01 1.381731405074243524e-02
2.454845553916420542e+01 1.381731404945988478e-02
2.454845553922967483e+01 1.381731404895284246e-02
2.454845553915248146e+01 1.381731404954473184e-02
2.454845553907260225e+01 1.381731405019133961e-02
2.454845553917900958e+01 1.381731404935533647e-02
2.454845553924775103e+01 1.381731404880566852e-02
2.454845553919096091e+01 1.381731404926310122e-02
2.454845553920165102e+01 1.381731404917454012e-02
2.454845553918518419e+01 1.381731404930295996e-02
2.454845553911868450e+01 1.381731404983027253e-02
2.454845553912662126e+01 1.381731404975946112e-02
2.454845553959517090e+01 1.381731404611980310e-02
2.454845553915113499e+01 1.381731404957078913e-02
2.454845553921490975e+01 1.381731404905771517e-02
2.454845553924169721e+01 1.381731404886367247e-02
2.454845553921152046e+01 1.381731404909465957e-02
2.454845553910516287e+01 1.381731404992389903e-02
2.454845553917905221e+01 1.381731404933617818e-02
2.454845553926040580e+01 1.381731404870722990e-02
2.454845553920244683e+01 1.381731404917424175e-02
2.454845553919961887e+01 1.381731404919771256e-02
2.454845553947919257e+01 1.381731404704031850e-02
2.454845553919825107e+01 1.381731404920594555e-02
2.454845553933500568e+01 1.381731404812813237e-02
2.454845553926760005e+01 1.381731404866143494e-02
2.454845553926012158e+01 1.381731404872113371e-02
2.454845553923841095e+01 1.381731404888715369e-02
2.454845553915520995e+01 1.381731404953086446e-02
2.454845553923467349e+01 1.381731404891614785e-02
2.454845553918066869e+01 1.381731404932189100e-02
2.454845553913288470e+01 1.381731404969953510e-02
2.454845553924787538e+01 1.381731404882418496e-02
2.454845553923434309e+01 1.381731404891990700e-02
2.454845553920681667e+01 1.381731404913980228e-02
2.454845553916640100e+01 1.381731404945408734e-02
2.454845553925195389e+01 1.381731404879328433e-02
2.454845553928830881e+01 1.381731404850296795e-02
2.454845553922356061e+01 1.381731404900193513e-02
2.454845553922583079e+01 1.381731404899055188e-02
2.454845553936408109e+01 1.381731404791010365e-02
2.454845553932898383e+01 1.381731404818317514e-02
2.454845553929868274e+01 1.381731404843312798e-02
2.454845553934398339e+01 1.381731404807210080e-02
2.454845553937648361e+01 1.381731404780969091e-02
2.454845553915702538e+01 1.381731404951201496e-02
2.454845553924352330e+01 1.381731404884824210e-02
2.454845553922874757e+01 1.381731404896189078e-02
2.454845553924919699e+01 1.381731404881239925e-02
2.454845553929396473e+01 1.381731404846165551e-02
2.454845553921565582e+01 1.381731404907151836e-02
2.454845553933358460e+01 1.381731404816270020e-02
2.454845553967584237e+01 1.381731404549528183e-02
2.454845553924820578e+01 1.381731404882257340e-02
2.454845553923325596e+01 1.381731404893786833e-02
2.454845553923887991e+01 1.381731404889457830e-02
2.454845553920022994e+01 1.381731404919290043e-02
2.454845553934753255e+01 1.381731404805458877e-02
2.454845553935007985e+01 1.381731404803556405e-02
2.454845553928229762e+01 1.381731404854931455e-02
2.454845553924640100e+01 1.381731404882650255e-02
2.454845553932618785e+01 1.381731404822059660e-02
5.576109350928043495e-01 4.410429576434295029e+01
2.454845553929760271e+01 1.381731404842951282e-02
2.454845553921652268e+01 1.381731404906721104e-02
2.454845553934572777e+01 1.381731404808076921e-02
2.454845553936982228e+01 1.381731404788235848e-02
2.454845553927933821e+01 1.381731404858077203e-02
2.454845553923408730e+01 1.381731404893041769e-02
2.454845553936086233e+01 1.381731404795114374e-02
2.454845553922359613e+01 1.381731404901248572e-02
2.454845553930852020e+01 1.381731404834706661e-02
2.454845553982546846e+01 1.381731404436691360e-02
2.454845553952367965e+01 1.381731404669494200e-02
2.454845553927860990e+01 1.381731404857804851e-02
2.454845553944038983e+01 1.381731404731720639e-02
2.454845553926818980e+01 1.381731404866706411e-02
2.454845553932065982e+01 1.381731404825144519e-02
2.454845553938693214e+01 1.381731404775009969e-02
2.454845553933715507e+01 1.381731404812634213e-02
2.454845553923929202e+01 1.381731404887944284e-02
2.454845553933346736e+01 1.381731404815664775e-02
2.454845553960904780e+01 1.381731404603692842e-02
2.454845553959930271e+01 1.381731404608741234e-02
2.454845553928636193e+01 1.381731404852694703e-02
2.454845553922904244e+01 1.381731404897063378e-02
2.454845553940157288e+01 1.381731404761868398e-02
2.454845553938990577e+01 1.381731404772728808e-02
2.454845553923056301e+01 1.381731404893829854e-02
2.454845553921826351e+01 1.381731404904126825e-02
2.454845553919273016e+01 1.381731404925098071e-02
