2.897763848165009648e+01 1.617730902316301704e-03
2.897763848167004497e+01 1.617730901642333010e-03
2.897763848165278944e+01 1.617730901428999103e-03
2.897763848163168632e+01 1.617730901535130786e-03
2.897763848160315092e+01 1.617730903191828568e-03
2.897763848163091183e+01 1.617730902489809830e-03
2.897763848161147848e+01 1.617730902537419099e-03
2.897763848141861587e+01 1.617730905149375540e-03
2.897763848153948985e+01 1.617730902929370544e-03
2.897763848160016664e+01 1.617730902456997535e-03
2.361611162906429237e-02 2.527990008278758793e+01
2.897763848159424427e+01 1.617730903830239333e-03
2.897763848168779788e+01 1.617730901181798188e-03
2.897763848159751277e+01 1.617730903663381270e-03
2.897763848157964617e+01 1.617730904164938832e-03
2.897763848165559253e+01 1.617730901830914583e-03
2.897763848159050681e+01 1.617730903869603462e-03
2.897763848158064448e+01 1.617730904130931747e-03
2.897763848158182398e+01 1.617730903984238326e-03
2.897763848158527011e+01 1.617730903920937399e-03
2.361611162701466107e-02 2.527990008281121348e+01
2.897763848160332145e+01 1.617730903605530193e-03
2.897763848158639277e+01 1.617730904063450137e-03
2.897763848159994993e+01 1.617730903680684052e-03
2.897763848159436861e+01 1.617730903817344267e-03
2.897763848159668498e+01 1.617730903712102930e-03
2.897763848160161260e+01 1.617730903599272612e-03
2.897763848159422295e+01 1.617730903719441027e-03
2.897763848158823663e+01 1.617730903875315039e-03
2.897763848161222811e+01 1.617730903123507568e-03
2.361611162920213697e-02 2.527990008278016631e+01
2.361611162788339671e-02 2.527990008280436740e+01
2.897763848158496103e+01 1.617730904104847144e-03
2.897763848161660150e+01 1.617730903240844698e-03
2.897763848166716372e+01 1.617730901781614392e-03
2.897763848162796663e+01 1.617730902884072144e-03
2.897763848161657663e+01 1.617730903198273066e-03
2.897763848158760069e+01 1.617730903990364935e-03
2.897763848159044997e+01 1.617730903911149222e-03
2.897763848159137012e+01 1.617730903875348649e-03
2.361611162756930421e-02 2.527990008280669798e+01
2.361611162910698392e-02 2.527990008278692713e+01
2.361611162818695250e-02 2.527990008280015388e+01
2.897763848158797018e+01 1.617730904021579116e-03
2.897763848158750832e+01 1.617730904032735340e-03
2.897763848159314293e+01 1.617730903871893297e-03
2.897763848160216682e+01 1.617730903603254453e-03
2.897763848164911238e+01 1.617730902297052778e-03
2.897763848162825795e+01 1.617730902878243039e-03
2.897763848166370337e+01 1.617730901861816730e-03
2.361611162331224770e-02 2.527990008286167622e+01
2.361611162824106200e-02 2.527990008279890688e+01
2.361611162706018369e-02 2.527990008281613399e+01
2.897763848164586875e+01 1.617730902438619658e-03
2.897763848173275392e+01 1.617730900031324158e-03
2.897763848168805012e+01 1.617730901254548805e-03
2.897763848159983979e+01 1.617730903683662789e-03
2.897763848158586697e+01 1.617730904068147334e-03
2.897763848159205580e+01 1.617730903888239162e-03
2.897763848163100420e+01 1.617730902803319031e-03
2.361611162961945939e-02 2.527990008277657807e+01
2.361611162199732730e-02 2.527990008288573165e+01
2.361611162832638611e-02 2.527990008279890688e+01
2.361611162150790283e-02 2.527990008289266655e+01
2.897763848160758116e+01 1.617730903444977849e-03
2.897763848161604372e+01 1.617730903248065701e-03
2.897763848164065692e+01 1.617730902575312399e-03
2.897763848173023504e+01 1.617730900084901960e-03
2.897763848163681999e+01 1.617730902658941683e-03
2.897763848160149180e+01 1.617730903638120010e-03
2.361611162746292056e-02 2.527990008270035105e+01
2.361611162815300397e-02 2.527990008280081113e+01
2.361611162834749769e-02 2.527990008279754264e+01
2.361611162702159997e-02 2.527990008281668111e+01
2.361611161806410203e-02 2.527990008294138136e+01
2.897763848171237200e+01 1.617730900604377265e-03
2.897763848165190126e+01 1.617730902216881015e-03
2.897763848160240130e+01 1.617730903581941207e-03
2.897763848158967548e+01 1.617730903975694596e-03
2.897763848158802702e+01 1.617730903979554789e-03
2.361611162954372137e-02 2.527990008277650347e+01
2.361611162915905685e-02 2.527990008278567302e+01
2.361611162851399645e-02 2.527990008279515521e+01
2.361611162781749457e-02 2.527990008280550782e+01
2.361611161494554800e-02 2.527990008298468538e+01
2.897763848161719125e+01 1.617730903226045555e-03
2.897763848170031054e+01 1.617730900875990726e-03
2.897763848158820466e+01 1.617730904014267690e-03
2.897763848175874557e+01 1.617730899302392052e-03
2.897763848162207267e+01 1.617730903074160757e-03
2.361611162850271728e-02 2.527990008279195067e+01
2.361611162762125918e-02 2.527990008280419332e+01
2.361611162260345703e-02 2.527990008287602564e+01
2.361611162669235639e-02 2.527990008282126411e+01
2.361611161716101540e-02 2.527990008295235214e+01
2.361611161612494833e-02 2.527990008296851343e+01
2.897763848166480116e+01 1.617730901913831979e-03
2.897763848158936284e+01 1.617730903983015779e-03
2.897763848159371847e+01 1.617730903862849099e-03
