2.213631217824594444e+01 7.751955478020907189e-03
2.213631217842666743e+01 7.751955476018225315e-03
2.213631217831507314e+01 7.751955477236848607e-03
2.213631217836615050e+01 7.751955476662856365e-03
2.213631217836941190e+01 7.751955476625227610e-03
2.213631217847949628e+01 7.751955475421472633e-03
2.213631217813432883e+01 7.751955479274065357e-03
2.213631217799484219e+01 7.751955479405174022e-03
2.213631217844986310e+01 7.751955475601862190e-03
2.213631217811935059e+01 7.751955479444099482e-03
2.213631217814045016e+01 7.751955479218998295e-03
2.213631217820526231e+01 7.751955478485943185e-03
2.213631217813513530e+01 7.751955479274867666e-03
2.213631217816229935e+01 7.751955478967562270e-03
2.213631217813601637e+01 7.751955479267824689e-03
2.213631217843666121e+01 7.751955475900132279e-03
2.213631217849640365e+01 7.751955475205777116e-03
2.213631217815028762e+01 7.751955479103139583e-03
2.213631217840562115e+01 7.751955476240784265e-03
2.213631217841146892e+01 7.751955476164595210e-03
3.386231710671451234e-01 2.715736070118681411e+01
2.213631217837438570e+01 7.751955476600998728e-03
2.213631217838824128e+01 7.751955476450529681e-03
2.213631217852831057e+01 7.751955474897199300e-03
2.213631217837054521e+01 7.751955476642689337e-03
2.213631217813931329e+01 7.751955479230829109e-03
2.213631217837093601e+01 7.751955476637203274e-03
2.213631217840671539e+01 7.751955476218707307e-03
2.213631217841833276e+01 7.751955476086058207e-03
2.213631217813646401e+01 7.751955479254340683e-03
3.386231713728042880e-01 2.715736069285707899e+01
2.213631217829604125e+01 7.751955477458402285e-03
2.213631217815299124e+01 7.751955479072006501e-03
2.213631217855435906e+01 7.751955474585296019e-03
2.213631217836032050e+01 7.751955476757155933e-03
2.213631217837285803e+01 7.751955476601664861e-03
2.213631217853535560e+01 7.751955474816079293e-03
2.213631217844553589e+01 7.751955475790526379e-03
2.213631217852255517e+01 7.751955474948166343e-03
2.213631217830531739e+01 7.751955477358991355e-03
2.213631217850902644e+01 7.751955475090529894e-03
2.213631217822481290e+01 7.751955478274184623e-03
2.213631217859352063e+01 7.751955474126309004e-03
2.213631217828304187e+01 7.751955477614163974e-03
2.213631217849571797e+01 7.751955475252774244e-03
2.213631217821108876e+01 7.751955478429280177e-03
2.213631217820607588e+01 7.751955478476690170e-03
2.213631217854407751e+01 7.751955474723078165e-03
2.213631217857390610e+01 7.751955474363854230e-03
2.213631217850008071e+01 7.751955475196508488e-03
3.386231712553302575e-01 2.715736069604668756e+01
2.213631217814185348e+01 7.751955479203755280e-03
2.213631217813882657e+01 7.751955479237813106e-03
2.213631217834242193e+01 7.751955476957574608e-03
2.213631217813657415e+01 7.751955479255830811e-03
2.213631217814341312e+01 7.751955479187361275e-03
2.213631217824559272e+01 7.751955478034121445e-03
2.213631217814533514e+01 7.751955479160814802e-03
2.213631217821024322e+01 7.751955478429459721e-03
2.213631217858084810e+01 7.751955474285108193e-03
3.386231714659081460e-01 2.715736069033245670e+01
2.213631217822445763e+01 7.751955478278022699e-03
2.213631217829721720e+01 7.751955477441694296e-03
2.213631217829999542e+01 7.751955477437225649e-03
2.213631217852167055e+01 7.751955474975912377e-03
2.213631217840554655e+01 7.751955476235131669e-03
2.213631217858388212e+01 7.751955474249885500e-03
2.213631217853180999e+01 7.751955474851773831e-03
2.213631217857009759e+01 7.751955474375774383e-03
2.213631217857151867e+01 7.751955474360790709e-03
3.386231713278785027e-01 2.715736069408202624e+01
2.213631217845471610e+01 7.751955475681826004e-03
2.213631217841032495e+01 7.751955476180912019e-03
2.213631217852281097e+01 7.751955474926578576e-03
2.213631217860682199e+01 7.751955474001111408e-03
2.213631217826045017e+01 7.751955477859897095e-03
2.213631217833264841e+01 7.751955477066621927e-03
2.213631217857922451e+01 7.751955474281897220e-03
2.213631217857927069e+01 7.751955474298375358e-03
2.213631217850096178e+01 7.751955475164626873e-03
3.386231713356833706e-01 2.715736069388210083e+01
2.213631217859702716e+01 7.751955474104724707e-03
2.213631217851616739e+01 7.751955475030260397e-03
2.213631217839112253e+01 7.751955476412225252e-03
2.213631217858393541e+01 7.751955474276495291e-03
2.213631217820622865e+01 7.751955478482096436e-03
2.213631217859806100e+01 7.751955474067100289e-03
2.213631217851642674e+01 7.751955475033065444e-03
2.213631217851010291e+01 7.751955475068523192e-03
2.213631217840569221e+01 7.751955476232852242e-03
3.386231712789273263e-01 2.715736069539573450e+01
3.386231714340632304e-01 2.715736069119274276e+01
2.213631217858096534e+01 7.751955474314047717e-03
2.213631217837883369e+01 7.751955476524912889e-03
2.213631217860784872e+01 7.751955473953877490e-03
2.213631217855208888e+01 7.751955474637400173e-03
2.213631217827758846e+01 7.751955477683161733e-03
2.213631217822875641e+01 7.751955478229868510e-03
2.213631217855704136e+01 7.751955474584440800e-03
