3.212942015338985868e+01 4.166551588540740557e-03
3.212942015330968104e+01 4.166551590247822949e-03
3.212942015326194678e+01 4.166551591164815126e-03
3.212942015329695522e+01 4.166551590168719559e-03
3.212942015329775103e+01 4.166551590345341297e-03
3.212942015328344780e+01 4.166551590749904832e-03
3.212942015327855216e+01 4.166551590687652545e-03
3.212942015308203736e+01 4.166551591940806376e-03
3.212942015324755829e+01 4.166551590659162314e-03
3.212942015327083567e+01 4.166551590718228781e-03
3.212942015331177004e+01 4.166551590231209502e-03
3.212942015340595248e+01 4.166551588184803055e-03
3.212942015329016243e+01 4.166551590678520961e-03
3.212942015329460332e+01 4.166551590558559628e-03
3.212942015329945633e+01 4.166551590475926076e-03
3.212942015328865608e+01 4.166551590669163863e-03
3.212942015330956025e+01 4.166551590235982594e-03
3.212942015330730783e+01 4.166551590263908172e-03
3.212942015330424539e+01 4.166551590275841335e-03
3.212942015345818447e+01 4.166551586830082900e-03
6.034372715872659415e-02 2.858254088633887591e+01
3.212942015329455359e+01 4.166551590604814295e-03
3.212942015331358903e+01 4.166551590197461324e-03
3.212942015332975387e+01 4.166551589833006330e-03
3.212942015327823242e+01 4.166551590944899026e-03
3.212942015330415302e+01 4.166551590360854929e-03
3.212942015350166258e+01 4.166551586076994336e-03
3.212942015329638679e+01 4.166551590516962694e-03
3.212942015330096979e+01 4.166551590407300415e-03
3.212942015329801393e+01 4.166551590462439468e-03
6.034372715770148360e-02 2.858254088635572643e+01
6.034372715656014657e-02 2.858254088637592716e+01
3.212942015330855838e+01 4.166551590311175918e-03
3.212942015328307832e+01 4.166551590851219622e-03
3.212942015330485646e+01 4.166551590386534908e-03
3.212942015333613455e+01 4.166551589685522743e-03
3.212942015328915346e+01 4.166551590706962620e-03
3.212942015332316714e+01 4.166551589968605328e-03
3.212942015331790202e+01 4.166551590083241927e-03
3.212942015330725098e+01 4.166551590298340699e-03
6.034372715780475516e-02 2.858254088635435153e+01
3.212942015328759737e+01 4.166551590755796820e-03
3.212942015334132151e+01 4.166551589605481734e-03
3.212942015333369028e+01 4.166551589768687121e-03
3.212942015333230472e+01 4.166551589797862568e-03
3.212942015331176293e+01 4.166551590237991404e-03
3.212942015327459444e+01 4.166551591040374737e-03
3.212942015330970946e+01 4.166551590271721367e-03
3.212942015332296108e+01 4.166551589983880435e-03
3.212942015347427827e+01 4.166551586653285087e-03
6.034372715800892517e-02 2.858254088635140278e+01
6.034372715009264643e-02 2.858254088648464375e+01
3.212942015334041201e+01 4.166551589612108378e-03
3.212942015332170342e+01 4.166551590016435123e-03
3.212942015343458735e+01 4.166551587584874095e-03
3.212942015330369117e+01 4.166551590402080632e-03
3.212942015329766576e+01 4.166551590539520171e-03
3.212942015329685574e+01 4.166551590546493759e-03
3.212942015330617096e+01 4.166551590355995101e-03
3.212942015341037916e+01 4.166551588084914208e-03
6.034372714609079202e-02 2.858254088654764047e+01
6.034372714827834078e-02 2.858254088651512959e+01
3.212942015329134904e+01 4.166551590682692104e-03
3.212942015330173717e+01 4.166551590461088986e-03
3.212942015328676604e+01 4.166551590773026094e-03
3.212942015329743128e+01 4.166551590550474082e-03
3.212942015329667811e+01 4.166551590554920179e-03
3.212942015332131263e+01 4.166551590030163725e-03
3.212942015334179757e+01 4.166551589584887964e-03
3.212942015331943679e+01 4.166551590057328627e-03
6.034372715862488384e-02 2.858254088632759604e+01
6.034372714583539909e-02 2.858254088655540670e+01
6.034372714299650331e-02 2.858254088660055103e+01
3.212942015330651202e+01 4.166551590344827818e-03
3.212942015333123891e+01 4.166551589822941465e-03
3.212942015348397717e+01 4.166551586525431630e-03
3.212942015330146006e+01 4.166551590464024138e-03
3.212942015330597201e+01 4.166551590353040867e-03
3.212942015329801393e+01 4.166551590525965909e-03
3.212942015330296641e+01 4.166551590427529893e-03
6.034372714943009308e-02 2.858254088649284341e+01
6.034372714433513391e-02 2.858254088657980319e+01
6.034372714424698220e-02 2.858254088658186021e+01
6.034372712941763611e-02 2.858254088682989291e+01
3.212942015333575085e+01 4.166551589725618274e-03
3.212942015336301438e+01 4.166551589131496300e-03
3.212942015333277368e+01 4.166551589778298356e-03
3.212942015331124423e+01 4.166551590252387874e-03
3.212942015330715151e+01 4.166551590338451842e-03
3.212942015330514778e+01 4.166551590380174544e-03
6.034372714634023832e-02 2.858254088654553016e+01
6.034372715709291485e-02 2.858254088636646273e+01
6.034372714376439600e-02 2.858254088658974368e+01
6.034372715737140042e-02 2.858254088636185131e+01
3.212942015329470280e+01 4.166551590612359475e-03
3.212942015329011269e+01 4.166551590709787617e-03
3.212942015336357571e+01 4.166551589119156344e-03
3.212942015337558388e+01 4.166551588866030699e-03
3.212942015331556433e+01 4.166551590148054665e-03
