1.449567396424990891e-04 3.789678955085373246e+01
2.109881782542831274e+01 3.360278306911577062e-05
2.109881782535057937e+01 3.360278574255398974e-05
2.109881782534152705e+01 3.360278551446245726e-05
2.109881782537875949e+01 3.360278426506521090e-05
2.109881782538325012e+01 3.360278449800083671e-05
2.109881782534371197e+01 3.360278587180316729e-05
2.109881782522811022e+01 3.360278728439808219e-05
2.109881782527086713e+01 3.360278345132456838e-05
2.109881782534672823e+01 3.360278410878042219e-05
1.449567392382786766e-04 3.789678955086808543e+01
2.109881782538322526e+01 3.360278521438487431e-05
2.109881782542241879e+01 3.360278338098602409e-05
2.109881782541324569e+01 3.360278356140951707e-05
2.109881782539146045e+01 3.360278468266135791e-05
2.109881782538014861e+01 3.360278492903460577e-05
2.109881782538689166e+01 3.360278482357113660e-05
2.109881782536499273e+01 3.360278578622266491e-05
2.109881782538372974e+01 3.360278443384378302e-05
2.109881782538642270e+01 3.360278446850124736e-05
1.449567368317656181e-04 3.789678955092665547e+01
1.449567386683502947e-04 3.789678955089139833e+01
2.109881782537232198e+01 3.360278573688134233e-05
2.109881782543607542e+01 3.360278295369219687e-05
2.109881782539493855e+01 3.360278466722500915e-05
2.109881782540575301e+01 3.360278401939965567e-05
2.109881782540342243e+01 3.360278422960875732e-05
2.109881782538590755e+01 3.360278484728610756e-05
2.109881782536377770e+01 3.360278580722451480e-05
2.109881782536002603e+01 3.360278594753638310e-05
1.449567387058429545e-04 3.789678955085734202e+01
1.449567394385234181e-04 3.789678955085937417e+01
1.449567385326347728e-04 3.789678955089669188e+01
1.449567366694402783e-04 3.789678955096911750e+01
2.109881782539948958e+01 3.360278455162030587e-05
2.109881782537933148e+01 3.360278535838956909e-05
2.109881782540138673e+01 3.360278438382932674e-05
2.109881782537531336e+01 3.360278548345282501e-05
2.109881782539897799e+01 3.360278442375647443e-05
2.109881782543761020e+01 3.360278263164213203e-05
1.449567365469996464e-04 3.789678955095178026e+01
1.449567393253727184e-04 3.789678955086503009e+01
1.449567352940704082e-04 3.789678955102024815e+01
1.449567360954367057e-04 3.789678955099137170e+01
2.109881782538860762e+01 3.360278504224169759e-05
2.109881782543817863e+01 3.360278289781773627e-05
2.109881782538304051e+01 3.360278525226329324e-05
2.109881782538705508e+01 3.360278502116150731e-05
2.109881782541933148e+01 3.360278360910872738e-05
2.109881782543296325e+01 3.360278290166020298e-05
1.449567396362727600e-04 3.789678955084273326e+01
1.449567378917578813e-04 3.789678955091493151e+01
1.449567373582580148e-04 3.789678955094066026e+01
1.449567370524847045e-04 3.789678955095359925e+01
2.109881782537806316e+01 3.360278549189341346e-05
2.109881782539052608e+01 3.360278494801479131e-05
2.109881782538824524e+01 3.360278501836104698e-05
2.109881782538828077e+01 3.360278501828908984e-05
2.109881782536865202e+01 3.360278584159802660e-05
2.109881782536936257e+01 3.360278580325771043e-05
1.449567381171426150e-04 3.789678955088104573e+01
1.449567375987005277e-04 3.789678955092610124e+01
1.449567369292099417e-04 3.789678955095634905e+01
1.449567375057052819e-04 3.789678955093487644e+01
1.449567376319874860e-04 3.789678955093146584e+01
2.109881782538675310e+01 3.360278512161786658e-05
2.109881782537500072e+01 3.360278561639590646e-05
2.109881782542274564e+01 3.360278354690861795e-05
2.109881782549053852e+01 3.360278059393125743e-05
2.109881782546628060e+01 3.360278165214628291e-05
1.449567391155903045e-04 3.789678955078293399e+01
1.449567369382881020e-04 3.789678955094899493e+01
1.449567375862397380e-04 3.789678955092956159e+01
1.449567375158675631e-04 3.789678955093459223e+01
1.449567381287448250e-04 3.789678955091149248e+01
1.449567386637045968e-04 3.789678955089166124e+01
1.449567347256626741e-04 3.789678955104443503e+01
2.109881782537701511e+01 3.360278552772132148e-05
2.109881782540773187e+01 3.360278421898390129e-05
2.109881782538707284e+01 3.360278508737260913e-05
1.449567374442512120e-04 3.789678955089438972e+01
1.449567373084103292e-04 3.789678955092472989e+01
1.449567394499691507e-04 3.789678955085658174e+01
1.449567394284764690e-04 3.789678955086062473e+01
1.449567370551516521e-04 3.789678955095271107e+01
1.449567392967947212e-04 3.789678955086684198e+01
1.449567363883452254e-04 3.789678955097991775e+01
2.109881782538568018e+01 3.360278516734176217e-05
2.109881782539842732e+01 3.360278461061485638e-05
2.109881782538367290e+01 3.360278523479423481e-05
1.449567382514367750e-04 3.789678955088220391e+01
1.449567392389534027e-04 3.789678955085400958e+01
1.449567374962616641e-04 3.789678955092827550e+01
1.449567385330763141e-04 3.789678955089354417e+01
1.449567375263308188e-04 3.789678955093435775e+01
1.449567388790698930e-04 3.789678955088248813e+01
1.449567392262413761e-04 3.789678955086971257e+01
1.449567328323092259e-04 3.789678955111804015e+01
1.449567364548463649e-04 3.789678955097750190e+01
