4.616006379641155615e-04 3.338968938695560951e+01
4.616006385736055049e-04 3.338968938548868692e+01
4.616006376821579446e-04 3.338968938991558133e+01
4.616006378201435419e-04 3.338968938728524449e+01
4.616006384561744291e-04 3.338968938577107792e+01
4.616006377539610224e-04 3.338968938744822168e+01
4.616006378077777282e-04 3.338968938731873237e+01
4.616006375723966234e-04 3.338968938789786733e+01
4.616006377157254401e-04 3.338968938753793481e+01
4.616006376546321114e-04 3.338968938771225936e+01
4.616006376660996093e-04 3.338968938767882833e+01
4.616006372313268945e-04 3.338968938870692682e+01
4.616006383980497002e-04 3.338968938591108326e+01
4.616006376416534524e-04 3.338968938773300721e+01
4.616008198270900027e-04 3.338968936754287853e+01
4.616006384120698437e-04 3.338968938587738222e+01
4.616006386237803756e-04 3.338968938536758202e+01
4.616006376249183040e-04 3.338968938776317685e+01
4.616006378142537762e-04 3.338968938729885849e+01
4.616006372691038593e-04 3.338968938861984270e+01
4.616006380250347132e-04 3.338968938681314569e+01
4.616006384236262462e-04 3.338968938585071555e+01
4.616006378066639273e-04 3.338968938732184455e+01
4.616006377675654828e-04 3.338968938741655279e+01
4.616006371769395731e-04 3.338968938883503057e+01
4.616006376174433806e-04 3.338968938779072460e+01
4.616006375949424450e-04 3.338968938784845619e+01
4.616006376046243704e-04 3.338968938782633700e+01
4.616006377198236159e-04 3.338968938754234017e+01
4.616006377150049336e-04 3.338968938755350280e+01
4.616006367848904954e-04 3.338968938975214229e+01
4.616006378246691102e-04 3.338968938729243519e+01
4.616006378223291851e-04 3.338968938730015168e+01
4.616006376935313880e-04 3.338968938760706351e+01
4.616006376195866314e-04 3.338968938778883455e+01
4.616006376190353688e-04 3.338968938778229756e+01
4.616006372784399242e-04 3.338968938860016067e+01
4.616006375915304065e-04 3.338968938785657059e+01
4.616006376284625609e-04 3.338968938775505535e+01
4.616006378816847546e-04 3.338968938714295831e+01
4.616006376627999484e-04 3.338968938768705641e+01
4.616006377839437661e-04 3.338968938738361913e+01
4.616006378696872444e-04 3.338968938718455348e+01
4.616006390616927773e-04 3.338968938428438094e+01
4.616006376317883511e-04 3.338968938775705908e+01
4.616006376223436491e-04 3.338968938777965434e+01
4.616006377536863940e-04 3.338968938744519477e+01
4.616006378601408442e-04 3.338968938719290236e+01
4.616006376650303149e-04 3.338968938768750405e+01
4.616006378970917011e-04 3.338968938710735301e+01
4.616006382825181466e-04 3.338968938618732096e+01
4.616006377086121523e-04 3.338968938757147242e+01
4.616006378432651832e-04 3.338968938724763547e+01
4.616006376418930611e-04 3.338968938772481465e+01
4.616006377380059032e-04 3.338968938749386695e+01
4.616006377035563007e-04 3.338968938756739391e+01
4.616006375979262778e-04 3.338968938784190499e+01
4.616006375945056741e-04 3.338968938784758933e+01
4.616006376236005647e-04 3.338968938777518503e+01
4.616006372196108975e-04 3.338968938873508563e+01
4.616006382664457168e-04 3.338968938622750926e+01
4.616006378537346189e-04 3.338968938722936031e+01
4.616006376182044363e-04 3.338968938779255069e+01
4.616006376360335989e-04 3.338968938774011264e+01
4.616006385195388904e-04 3.338968938561925626e+01
4.616006376630957730e-04 3.338968938768001493e+01
4.616006377059936414e-04 3.338968938756176641e+01
4.616006377011332173e-04 3.338968938757302141e+01
4.616006377109858503e-04 3.338968938754888427e+01
4.616006375859892661e-04 3.338968938786148044e+01
4.616010280163297219e-04 3.338968800156662553e+01
4.616006383062614153e-04 3.338968938926596763e+01
4.616006377560058277e-04 3.338968938745640003e+01
4.616006376267595504e-04 3.338968938777064466e+01
4.616006376553677968e-04 3.338968938769962591e+01
4.616006377241362469e-04 3.338968938753225757e+01
4.616006376131937417e-04 3.338968938781098927e+01
4.616006376995201413e-04 3.338968938757686544e+01
4.616006384781418288e-04 3.338968938571850487e+01
4.616006373204461447e-04 3.338968938849748014e+01
4.616006380945644359e-04 3.338968938664665842e+01
4.616006380162733297e-04 3.338968938683377274e+01
4.616006376366136471e-04 3.338968938774664252e+01
4.616006378856704444e-04 3.338968938713797030e+01
4.616006375916485846e-04 3.338968938784507401e+01
4.616006377822614096e-04 3.338968938739281356e+01
4.616006378573796524e-04 3.338968938721114910e+01
4.616006378913685773e-04 3.338968938713062329e+01
4.616006377098699352e-04 3.338968938756664073e+01
4.616006375670366531e-04 3.338968938790218743e+01
4.616006376975281367e-04 3.338968938757835048e+01
4.616006365884070951e-04 3.338968938998716851e+01
4.616006393600615831e-04 3.338968938355620963e+01
4.616006376320050831e-04 3.338968938775238371e+01
4.616006376157135902e-04 3.338968938780075035e+01
4.616006376486066036e-04 3.338968938771494521e+01
4.616006378438625786e-04 3.338968938724328694e+01
4.616006377385323918e-04 3.338968938749045634e+01
4.616006377000852275e-04 3.338968938757503935e+01
