1.964108362508639871e+01 6.966021316971687100e-05
1.964108362505895045e+01 6.966021330890305961e-05
1.964108362514562955e+01 6.966021273850231800e-05
1.964108362503728600e+01 6.966021344926665113e-05
1.964108362503383987e+01 6.966021348376874253e-05
1.964108362507442962e+01 6.966021320988490808e-05
1.964108362504167005e+01 6.966021342055536485e-05
1.964108362518243567e+01 6.966020288481992702e-05
1.964108362521725226e+01 6.966021196358030776e-05
1.964108362509001537e+01 6.966021306740193171e-05
1.964108362507342065e+01 6.966021322800687306e-05
1.964108362505060867e+01 6.966021337718219576e-05
1.964108362508227046e+01 6.966021319841741012e-05
1.964108362504321903e+01 6.966021341492884347e-05
1.964108362522473783e+01 6.966021222172476572e-05
1.964108362504648042e+01 6.966021340441551119e-05
1.964108362510408767e+01 6.966021300699384584e-05
1.964108362506456018e+01 6.966021327879507699e-05
1.964108362504048699e+01 6.966021343818737887e-05
1.964108362504537197e+01 6.966021339861653389e-05
1.964108362525139029e+01 6.966021205337382326e-05
1.964108362516945760e+01 6.966021260534982289e-05
1.964108362520432394e+01 6.966021238418147017e-05
1.964108362508619976e+01 6.966021311339929019e-05
1.964108362524831719e+01 6.966021213146629011e-05
1.964108362504985905e+01 6.966021337733693851e-05
1.964108362526422624e+01 6.966021200490097372e-05
1.964108362504570238e+01 6.966021342075426174e-05
1.964108362504919114e+01 6.966021339394450345e-05
1.964108362505936611e+01 6.966021330466731212e-05
1.964108362505081828e+01 6.966021337341894357e-05
1.964108362521971074e+01 6.966021234279126618e-05
1.964108362527798235e+01 6.966021196761145275e-05
1.964108362523063889e+01 6.966021226426015824e-05
1.964108362523685969e+01 6.966021218532824787e-05
1.964108362526535245e+01 6.966021207346995777e-05
1.964108362515545991e+01 6.966021268292237414e-05
1.964108362517757911e+01 6.966021257994361852e-05
1.964108362506975070e+01 6.966021322041457116e-05
1.964108362523364448e+01 6.966021223552222770e-05
1.964108362526410545e+01 6.966021206986669316e-05
1.964108362524598306e+01 6.966021213616252537e-05
1.964108362509005445e+01 6.966021313270874115e-05
1.964108362505137606e+01 6.966021334799993206e-05
1.964108362509118066e+01 6.966021311142296581e-05
1.964108362512985551e+01 6.966021288201975877e-05
1.964108362508227046e+01 6.966021315892010116e-05
1.964108362507356986e+01 6.966021324664826574e-05
1.964108362511848682e+01 6.966021294066856398e-05
1.964108362506646444e+01 6.966021327161623560e-05
1.964108362513304940e+01 6.966021286632163617e-05
1.964108362506611272e+01 6.966021326117172304e-05
1.964108362506469518e+01 6.966021331047313344e-05
1.964108362525218965e+01 6.966021216683678679e-05
1.964108362521345086e+01 6.966021227844172595e-05
1.964108362506272343e+01 6.966021331661551822e-05
1.964108362504613225e+01 6.966021340102983240e-05
1.964108362507343131e+01 6.966021320509846720e-05
1.964108362518910766e+01 6.966021254859425151e-05
1.964108362526759777e+01 6.966021200838114073e-05
1.964108362507012728e+01 6.966021325908443057e-05
1.964108362523577611e+01 6.966021223488294144e-05
1.964108362504813243e+01 6.966021339475611009e-05
1.964108362524168072e+01 6.966021209922127724e-05
1.964108362522821238e+01 6.966021232442656190e-05
1.964108362525987062e+01 6.966021208535349120e-05
1.964108362525207241e+01 6.966021206549607092e-05
1.964108362517543682e+01 6.966021256806130481e-05
1.964108362507574412e+01 6.966021320124917001e-05
1.964108362525130147e+01 6.966021207872085731e-05
1.964108362505781002e+01 6.966021332948788469e-05
1.964108362523062112e+01 6.966021221784149235e-05
1.964108362513032446e+01 6.966021285215238772e-05
1.964108362508224204e+01 6.966021320361140260e-05
1.964108362509153949e+01 6.966021312295444525e-05
1.964108362524697782e+01 6.966021211563695195e-05
1.964108362528492080e+01 6.966021188247084508e-05
1.964108362522349793e+01 6.966021230175796801e-05
1.964108362521566775e+01 6.966021239026679880e-05
1.964108362527972673e+01 6.966021195788732478e-05
1.964108362507180416e+01 6.966021321483374890e-05
1.964108362521509576e+01 6.966021231753386856e-05
1.964108362514519257e+01 6.966021281055713400e-05
1.964108362516364537e+01 6.966021267438494611e-05
1.964108362524800455e+01 6.966021215539804729e-05
1.964108362524265772e+01 6.966021223227981268e-05
1.964108362525636053e+01 6.966021215201589217e-05
1.964108362524656215e+01 6.966021220699136621e-05
1.964108362526173579e+01 6.966021206853807116e-05
1.964108362528541463e+01 6.966021197860382621e-05
1.964108362508359207e+01 6.966021319711074322e-05
1.964108362514854988e+01 6.966021278942219829e-05
1.964108362506743077e+01 6.966021325262354786e-05
1.964108362507455396e+01 6.966021323695373649e-05
1.964108362506550165e+01 6.966021330514727487e-05
1.964108362518557627e+01 6.966021257491389622e-05
1.964108362525438878e+01 6.966021211607663658e-05
1.964108362507316841e+01 6.966021325244366516e-05
1.964108362521539419e+01 6.966021231079571469e-05
