1.767466943689999660e-04 2.554435920720651865e+01
2.876293754584490259e+01 8.856884329752777907e-05
2.876293754586509266e+01 8.856884155268445488e-05
2.876293754581289264e+01 8.856884347250349495e-05
2.876293754586953710e+01 8.856884168645009342e-05
2.876293754589829632e+01 8.856884092531113882e-05
2.876293754581552164e+01 8.856884361089718599e-05
2.876293754565092087e+01 8.856884431827288589e-05
2.876293754576986217e+01 8.856884270964191929e-05
2.876293754581037732e+01 8.856884335753721735e-05
1.767466916814353854e-04 2.554435920727530629e+01
2.876293754588336782e+01 8.856884209563704641e-05
2.876293754590336604e+01 8.856884136057540378e-05
2.876293754591696938e+01 8.856884072807493630e-05
2.876293754586290419e+01 8.856884266050088950e-05
2.876293754586605189e+01 8.856884235010923029e-05
2.876293754586273366e+01 8.856884262142046983e-05
2.876293754591452867e+01 8.856884073740814163e-05
2.876293754583642936e+01 8.856884328156771323e-05
2.876293754586528451e+01 8.856884228302951991e-05
1.767466924447565679e-04 2.554435920722733400e+01
1.767466923533903087e-04 2.554435920726015041e+01
1.767466921320040856e-04 2.554435920726655596e+01
2.876293754584306583e+01 8.856884342722074767e-05
2.876293754586248497e+01 8.856884275892394956e-05
2.876293754584327544e+01 8.856884332485705994e-05
2.876293754597241303e+01 8.856883905276057586e-05
2.876293754588441587e+01 8.856884185428746286e-05
2.876293754590356855e+01 8.856884107015400320e-05
2.876293754584056472e+01 8.856884328086978518e-05
1.767466921121759252e-04 2.554435920721693165e+01
1.767466934515819418e-04 2.554435920722757558e+01
1.767466910233848670e-04 2.554435920729568466e+01
1.767466919685043380e-04 2.554435920727071618e+01
2.876293754586883367e+01 8.856884259597227972e-05
2.876293754599113939e+01 8.856883851838211262e-05
2.876293754587512197e+01 8.856884234229079093e-05
2.876293754590199470e+01 8.856884140091155996e-05
2.876293754585849882e+01 8.856884285599206862e-05
2.876293754586824036e+01 8.856884250561802840e-05
1.767466921518962681e-04 2.554435920724660036e+01
1.767466935566045405e-04 2.554435920722676556e+01
1.767466936032310886e-04 2.554435920722586673e+01
1.767466916332101270e-04 2.554435920727971521e+01
1.767466938278374736e-04 2.554435920722112741e+01
2.876293754593705643e+01 8.856884038224367608e-05
2.876293754595679530e+01 8.856883972834222324e-05
2.876293754584897400e+01 8.856884320878794545e-05
2.876293754589510598e+01 8.856884169104933325e-05
2.876293754587005935e+01 8.856884246987260106e-05
1.767466917358216497e-04 2.554435920724861120e+01
1.767466912953739226e-04 2.554435920727877729e+01
1.767466931969570616e-04 2.554435920723635434e+01
1.767466924109157179e-04 2.554435920725818221e+01
1.767466933251624777e-04 2.554435920723458509e+01
2.876293754587242901e+01 8.856884248486195359e-05
2.876293754587755913e+01 8.856884230120539683e-05
2.876293754587626594e+01 8.856884234430007505e-05
2.876293754584315820e+01 8.856884340881779815e-05
2.876293754586369644e+01 8.856884272780939365e-05
1.767466942803784459e-04 2.554435920718908193e+01
1.767466939365013924e-04 2.554435920721354947e+01
1.767466936662000329e-04 2.554435920722356457e+01
1.767466932624666440e-04 2.554435920723453535e+01
1.767466933886540617e-04 2.554435920723245346e+01
1.767466932419275722e-04 2.554435920723679487e+01
2.876293754588484219e+01 8.856884208426609665e-05
2.876293754585449136e+01 8.856884306046526644e-05
2.876293754583981865e+01 8.856884353198546888e-05
2.876293754591242546e+01 8.856884116616736973e-05
1.767466921846237509e-04 2.554435920710477603e+01
1.767466928078671512e-04 2.554435920724040088e+01
1.767466930613104949e-04 2.554435920723789621e+01
1.767466929690391438e-04 2.554435920724234066e+01
1.767466898954887235e-04 2.554435920732387899e+01
1.767466926791599934e-04 2.554435920725158482e+01
1.767466888697931632e-04 2.554435920735344467e+01
2.876293754591081964e+01 8.856884124026834627e-05
2.876293754586749074e+01 8.856884264758065550e-05
2.876293754585874751e+01 8.856884292493105021e-05
1.767466933114422516e-04 2.554435920720093733e+01
1.767466944355917176e-04 2.554435920719554787e+01
1.767466943072641119e-04 2.554435920720334963e+01
1.767466935068164860e-04 2.554435920722743347e+01
1.767466935677196457e-04 2.554435920722691833e+01
1.767466933581974945e-04 2.554435920723303610e+01
1.767466919084033524e-04 2.554435920727217990e+01
1.767466933668564210e-04 2.554435920723345532e+01
2.876293754584889939e+01 8.856884324891289904e-05
2.876293754591198137e+01 8.856884119591893444e-05
1.767466941243389851e-04 2.554435920719528141e+01
1.767466942723154783e-04 2.554435920719471298e+01
1.767466924365189895e-04 2.554435920724923292e+01
1.767466931334175559e-04 2.554435920723575393e+01
1.767466925789301375e-04 2.554435920725273945e+01
1.767466935008003023e-04 2.554435920722861653e+01
1.767466933824591473e-04 2.554435920723256714e+01
1.767466918511045957e-04 2.554435920727392784e+01
1.767466916987657608e-04 2.554435920727807741e+01
