2.298253980974909894e+01 2.404854053216338300e-02
2.298253980971454524e+01 2.404854053273195250e-02
2.298253980946950392e+01 2.404854053673545836e-02
2.298253980921683493e+01 2.404854054085203696e-02
2.298253980947972508e+01 2.404854053656683976e-02
2.298253980953477793e+01 2.404854053567292288e-02
2.298253980931858464e+01 2.404854053919943183e-02
2.298253980852850376e+01 2.404854055175530483e-02
2.298253980834832433e+01 2.404854055500761992e-02
2.298253980947696817e+01 2.404854053661323321e-02
2.298253980982188338e+01 2.404854053099345426e-02
2.298253980976750555e+01 2.404854053186382401e-02
2.298253980950977038e+01 2.404854053608281375e-02
2.298253980947912822e+01 2.404854053658352434e-02
2.298253980971441024e+01 2.404854053273792341e-02
2.298253980943982455e+01 2.404854053722312729e-02
2.298253980976668132e+01 2.404854053187698709e-02
2.298253980961930409e+01 2.404854053429910515e-02
2.298253980961841592e+01 2.404854053429522978e-02
2.298253980965350962e+01 2.404854053373522288e-02
2.233754160529976551e-01 3.337653530631743592e+01
2.298253980976102184e+01 2.404854053198633365e-02
2.298253980984756950e+01 2.404854053055565516e-02
2.298253980963744780e+01 2.404854053398886374e-02
2.298253980979901812e+01 2.404854053134364636e-02
2.298253980964857845e+01 2.404854053379864090e-02
2.298253980982758549e+01 2.404854053088702204e-02
2.298253980976083355e+01 2.404854053197268138e-02
2.298253980973881738e+01 2.404854053235638833e-02
2.298253980960928899e+01 2.404854053445804746e-02
2.233754160506057629e-01 3.337653530640088206e+01
2.298253980989046141e+01 2.404854052987961260e-02
2.298253980979711386e+01 2.404854053140150633e-02
2.298253980987796652e+01 2.404854053005897954e-02
2.298253980982829603e+01 2.404854053086900173e-02
2.298253980980500089e+01 2.404854053124885066e-02
2.298253980982458700e+01 2.404854053092930072e-02
2.298253980982116929e+01 2.404854053098597413e-02
2.298253980966088150e+01 2.404854053361872926e-02
2.298253980950201480e+01 2.404854053619540771e-02
2.233754160391853982e-01 3.337653530679208558e+01
2.298253980985993294e+01 2.404854053037391165e-02
2.298253980983187361e+01 2.404854053083073373e-02
2.298253980980143396e+01 2.404854053131164418e-02
2.298253980980276623e+01 2.404854053128756969e-02
2.298253980985170486e+01 2.404854053049001669e-02
2.298253980985075273e+01 2.404854053050212159e-02
2.298253980982186917e+01 2.404854053097346678e-02
2.298253980982651257e+01 2.404854053089814162e-02
2.298253980954328313e+01 2.404854053553640708e-02
2.233754160639787600e-01 3.337653530593576789e+01
2.298253981009652946e+01 2.404854052649046600e-02
2.298253980986819300e+01 2.404854053022369847e-02
2.298253980974926591e+01 2.404854053218026533e-02
2.298253980981381872e+01 2.404854053110680109e-02
2.298253980958290654e+01 2.404854053487943955e-02
2.298253980984132028e+01 2.404854053065868386e-02
2.298253980982531530e+01 2.404854053091685928e-02
2.298253980984298295e+01 2.404854053062902008e-02
2.298253980983048805e+01 2.404854053083372439e-02
2.233754160404852196e-01 3.337653530674776192e+01
2.298253981012869573e+01 2.404854052597245329e-02
2.298253980989863265e+01 2.404854052974273598e-02
2.298253980989379031e+01 2.404854052980536297e-02
2.298253980990203615e+01 2.404854052966319197e-02
2.298253980982803668e+01 2.404854053087947252e-02
2.298253980988766543e+01 2.404854052989634228e-02
2.298253980987086109e+01 2.404854053018943422e-02
2.298253980987748690e+01 2.404854053006729581e-02
2.298253980985927214e+01 2.404854053036286146e-02
2.233754160630858077e-01 3.337653530596796969e+01
2.233754159896115254e-01 3.337653530850671757e+01
2.298253980986549649e+01 2.404854053028118721e-02
2.298253980996247492e+01 2.404854052867583941e-02
2.298253980971114530e+01 2.404854053279911058e-02
2.298253980990702416e+01 2.404854052958171201e-02
2.298253980982036637e+01 2.404854053100280442e-02
2.298253980989514744e+01 2.404854052977849904e-02
2.298253980982705613e+01 2.404854053090839036e-02
2.298253980986256906e+01 2.404854053034001862e-02
2.233754160528188260e-01 3.337653530632200471e+01
2.233754160403209899e-01 3.337653530675316205e+01
2.233754160258838162e-01 3.337653530725091855e+01
2.298253980982678257e+01 2.404854053091600580e-02
2.298253980978539701e+01 2.404854053158846094e-02
2.298253980991228573e+01 2.404854052949827528e-02
2.298253980975023936e+01 2.404854053214768722e-02
2.298253980984674527e+01 2.404854053058863572e-02
2.298253980990358158e+01 2.404854052963651539e-02
2.298253980986267209e+01 2.404854053031296734e-02
2.233754160595713689e-01 3.337653530608847774e+01
2.233754160668681710e-01 3.337653530583673955e+01
2.233754160250703835e-01 3.337653530727959605e+01
2.298253980991346523e+01 2.404854052950199800e-02
2.298253980988307532e+01 2.404854052999776809e-02
2.298253980992642909e+01 2.404854052927139774e-02
2.298253980977944622e+01 2.404854053168806877e-02
2.298253980987797362e+01 2.404854053006369799e-02
2.298253980988252465e+01 2.404854052998909100e-02
