1.857510299529244335e+01 1.698488519921692455e-03
1.857510299529061015e+01 1.698488519915517057e-03
1.857510299531572429e+01 1.698488518273894889e-03
1.857510299528563635e+01 1.698488519235443438e-03
1.857510299530573405e+01 1.698488518913986167e-03
1.857510299531325870e+01 1.698488518798727887e-03
1.857510299529709741e+01 1.698488518891458831e-03
1.857510299518003549e+01 1.698488521419494121e-03
1.857510299524149744e+01 1.698488518647684863e-03
1.857510299527450570e+01 1.698488519664124834e-03
4.293561336999539985e-02 2.618715655748903259e+01
1.857510299535616838e+01 1.698488517540596050e-03
1.857510299529437248e+01 1.698488519765760764e-03
1.857510299529619147e+01 1.698488519662399001e-03
1.857510299528948394e+01 1.698488519925408667e-03
1.857510299532380316e+01 1.698488518510711314e-03
1.857510299528590636e+01 1.698488520059071062e-03
1.857510299528681230e+01 1.698488519997126689e-03
1.857510299529985787e+01 1.698488519332665364e-03
1.857510299530255793e+01 1.698488519287506609e-03
4.293561337099170011e-02 2.618715655747698534e+01
1.857510299531356424e+01 1.698488519148769063e-03
1.857510299531728393e+01 1.698488519011327573e-03
1.857510299530304465e+01 1.698488519506494198e-03
1.857510299530067499e+01 1.698488519572065227e-03
1.857510299529924680e+01 1.698488519554573360e-03
1.857510299529048226e+01 1.698488519947083386e-03
1.857510299532310682e+01 1.698488518642952104e-03
1.857510299531153564e+01 1.698488519052000767e-03
1.857510299531099207e+01 1.698488519016782845e-03
4.293561337061144872e-02 2.618715655747905302e+01
4.293561336895631436e-02 2.618715655750076010e+01
1.857510299535563902e+01 1.698488517640606111e-03
1.857510299529347364e+01 1.698488519865946466e-03
1.857510299538070697e+01 1.698488516711402999e-03
1.857510299533396037e+01 1.698488518387817649e-03
1.857510299530081710e+01 1.698488519566961020e-03
1.857510299529630871e+01 1.698488519714605070e-03
1.857510299533664266e+01 1.698488518204709780e-03
1.857510299529108622e+01 1.698488519894327193e-03
4.293561336732616696e-02 2.618715655751785931e+01
1.857510299530631670e+01 1.698488519413168026e-03
1.857510299531977438e+01 1.698488518928886358e-03
1.857510299530985876e+01 1.698488519280091534e-03
1.857510299530079934e+01 1.698488519603119596e-03
1.857510299533350207e+01 1.698488518417846363e-03
1.857510299532680520e+01 1.698488518651003389e-03
1.857510299537180742e+01 1.698488516948642914e-03
1.857510299530020959e+01 1.698488519592674393e-03
1.857510299533941023e+01 1.698488518132337984e-03
4.293561336860066829e-02 2.618715655750409255e+01
4.293561337032546221e-02 2.618715655748575699e+01
1.857510299529725728e+01 1.698488519733286524e-03
1.857510299538880716e+01 1.698488516455572920e-03
1.857510299529277731e+01 1.698488519889985613e-03
1.857510299530724751e+01 1.698488519342275082e-03
1.857510299529800335e+01 1.698488519647409906e-03
1.857510299529544540e+01 1.698488519780060740e-03
1.857510299542995824e+01 1.698488514884702099e-03
1.857510299531354647e+01 1.698488519086999247e-03
4.293561336485425539e-02 2.618715655753886651e+01
4.293561337028262148e-02 2.618715655748597726e+01
4.293561336994649452e-02 2.618715655748972537e+01
1.857510299537498710e+01 1.698488516957427120e-03
1.857510299533766229e+01 1.698488518288314778e-03
1.857510299533405984e+01 1.698488518411470603e-03
1.857510299531075759e+01 1.698488519241067411e-03
1.857510299531084286e+01 1.698488519232238102e-03
1.857510299533517895e+01 1.698488518370669040e-03
1.857510299530913400e+01 1.698488519285954249e-03
4.293561337034096370e-02 2.618715655739644532e+01
4.293561337010540907e-02 2.618715655748789928e+01
4.293561336945399959e-02 2.618715655749556603e+01
1.857510299531638509e+01 1.698488519053486991e-03
1.857510299530678566e+01 1.698488519396346630e-03
1.857510299530826003e+01 1.698488519358883325e-03
1.857510299537435117e+01 1.698488516935540331e-03
1.857510299530565590e+01 1.698488519421838174e-03
1.857510299533893416e+01 1.698488518203972739e-03
1.857510299529808862e+01 1.698488519690086922e-03
4.293561336819055885e-02 2.618715655750344951e+01
4.293561337047217125e-02 2.618715655748331628e+01
4.293561336851345334e-02 2.618715655750668603e+01
4.293561336593464811e-02 2.618715655753486971e+01
1.857510299529617015e+01 1.698488519772305225e-03
1.857510299531236342e+01 1.698488519192777914e-03
1.857510299530012432e+01 1.698488519628397336e-03
1.857510299532237497e+01 1.698488518853703009e-03
1.857510299535211118e+01 1.698488517750590182e-03
1.857510299531761078e+01 1.698488518964631419e-03
4.293561337081259338e-02 2.618715655747906723e+01
4.293561337034023512e-02 2.618715655748425064e+01
4.293561336876825646e-02 2.618715655750382254e+01
4.293561337017295226e-02 2.618715655748724558e+01
1.857510299529946352e+01 1.698488519634840967e-03
1.857510299532568609e+01 1.698488518717276982e-03
1.857510299543044141e+01 1.698488514964310078e-03
1.857510299529349140e+01 1.698488519864840797e-03
1.857510299529204545e+01 1.698488519916298550e-03
