1.000000000000000000e+00 3.131649954644932232e-01 1.297419090197887392e+01 1.100470693867543703e+00 9.065936618987235907e-02 4.557696127861142976e+00 4.898057588626975267e+00 7.931901000505365396e+00 6.921142830266759083e-02 8.837323263039896515e-02 3.842863918750293872e-01
1.000000000000000000e+00 3.171457544378622484e-01 1.254473607248058009e+01 1.103525886941363998e+00 2.377683166444584939e-01 5.825137114519083781e+00 5.851127273309122856e+00 7.585799070451453296e+00 6.130240147076775059e-02 8.887698701209466312e-02 3.824472106137843941e-01
1.000000000000000000e+00 3.174037210980692469e-01 1.258927461793970615e+01 1.103178124872653543e+00 2.488541298159078208e-01 6.202455478455481064e+00 6.473864481806105076e+00 7.737666616103689776e+00 6.205726718420478960e-02 8.887429686789498351e-02 3.822467883860156124e-01
1.000000000000000000e+00 3.183868910683471110e-01 1.300356497797655386e+01 1.102359497481325112e+00 2.696451474347849597e-01 4.795631452783418958e+00 5.142863750955642743e+00 8.832115096102103990e+00 5.983528287614214847e-02 8.880989042658163357e-02 3.830788949271344279e-01
1.000000000000000000e+00 3.177143465123902222e-01 1.271862873196858246e+01 1.103109474001555457e+00 2.428029548068682819e-01 6.119518170125650691e+00 6.482445294930775148e+00 7.958119914415771490e+00 6.206843259906364568e-02 8.888763421283026045e-02 3.825192096335321978e-01
1.000000000000000000e+00 3.171696228169921250e-01 1.249985760597832751e+01 1.103304488411118278e+00 2.409345751956636916e-01 5.879181110537580857e+00 6.026368003536419771e+00 8.258329087087457054e+00 6.137848146339090760e-02 8.882489492004737308e-02 3.820501206284132589e-01
1.000000000000000000e+00 3.178169537077437101e-01 1.247733347620592248e+01 1.102957169916570557e+00 2.424156534475643832e-01 5.741080470453935547e+00 6.233036390578729602e+00 7.610825593810323753e+00 6.221406213435293903e-02 8.884318089110723737e-02 3.822592082575154149e-01
1.000000000000000000e+00 3.174372704507876231e-01 1.280900675614398487e+01 1.103215600249374262e+00 2.368898529639337502e-01 5.418967324589657686e+00 6.417781348840525979e+00 7.928041950042726604e+00 6.178136322468764929e-02 8.888410611185812438e-02 3.822518288785991536e-01
1.000000000000000000e+00 3.173679267840546769e-01 1.262723177234512484e+01 1.102865147893886233e+00 2.359286920601512683e-01 6.067550033171888124e+00 6.373110186325751769e+00 7.957884789557206240e+00 6.099097835702665948e-02 8.886807555361392330e-02 3.821022702150742578e-01
1.000000000000000000e+00 3.178296463442685238e-01 1.279609389380280327e+01 1.103341662021174896e+00 2.485034321909947719e-01 5.188227015879498083e+00 6.117860398710804226e+00 7.879571475461075281e+00 6.282811453404987811e-02 8.886973713072010561e-02 3.822009056734577137e-01
