3.997314811040168780e-02
7.925058293368282547e-02
1.568522974737324507e-02
7.196710683468692492e-03
3.870544351347170176e-03
7.256196704747273907e-03
1.053427611575675008e-02
1.262106390162522941e-02
2.589818486144459132e-03
1.425751499952398332e-02
3.544615371430785960e-03
1.034623004227545363e-02
6.065190006284726029e-03
5.779279618755794011e-03
7.045069508019958723e-03
8.185289499806023064e-03
6.310885128481349277e-03
8.827902707286203882e-03
1.345069722476285173e-02
3.430106849888046264e-03
1.610001952605417605e-02
6.681697751125172807e-03
3.634881970934948289e-03
4.862713067393586303e-02
3.499120230687532973e-03
1.179604342078675351e-02
1.176884573486081283e-02
1.197989880269626460e-02
5.845057086482877140e-03
2.422004032838959153e-02
3.509410612468208662e-03
8.601038669875216147e-03
5.450045998800405814e-03
8.211722428136459737e-03
7.369378835653861426e-03
5.509524407163931062e-03
3.201322701777844972e-03
8.573834570907120853e-03
4.686824121141059882e-03
1.076858028885912567e-02
5.267458701128088783e-03
3.463931434546868061e-03
1.575970737914373157e-02
1.306762337922560795e-02
5.844284499129872787e-03
3.464935323244480812e-03
7.162626071315923715e-03
1.545250378761507323e-02
5.444794778131339073e-03
6.366761067419121796e-03
6.366015635561411701e-03
9.639993982285067001e-03
2.445393731168163387e-02
4.176050882258085760e-03
1.412932444535829751e-02
6.403430144789112877e-03
3.566120729248116634e-03
2.008673852035353785e-02
9.631114234608018423e-03
4.358096651424813936e-03
1.016544487084439924e-02
7.131760848530451641e-03
8.606022262367922157e-03
4.579843838533140601e-03
7.155150001368240469e-03
1.820978282942595922e-02
5.521844632895013885e-03
4.992750011328376397e-03
1.262437501733320970e-02
1.287831419174120980e-02
4.248526077841676546e-03
8.913238254420838974e-03
1.191065100673753194e-02
2.434622602201669261e-02
1.303416495708576393e-02
4.337114794703951504e-03
5.974956611853734362e-03
2.970094530860513046e-03
7.936808277302883838e-03
1.079409101824299957e-02
6.809331709492006009e-03
6.473064354819033257e-03
5.222554578136757129e-03
2.476230374061339033e-03
1.231346625726083624e-02
8.452878734048775364e-03
5.068905114315138370e-03
4.463115734664207211e-03
1.174056209974358791e-02
4.476323476979565154e-03
3.324042684138850748e-03
7.900466904494243478e-03
1.607677171242334266e-02
1.113201739820904486e-02
1.409588573994256105e-02
2.845468521420276616e-03
5.658262053788453566e-03
1.107448371423931481e-02
4.288206374399082185e-03
9.416583297720689319e-03
