1.000000000000000000e+00 6.871242066316552766e+00 5.696868696944791033e+00 1.756024675175257510e+00 8.147111830798566601e+00 4.016963842898460868e+00 4.059109444160717395e+00 1.023051402444271218e+01 1.134521292841661824e-02 4.337635128443893817e-02 5.839398314927100875e-04
1.000000000000000000e+00 6.980544523459280448e+00 9.793347228620458367e+00 1.162262260980098105e+00 8.944290079596573406e+00 3.086856112698031396e+00 4.995810564250430019e+00 1.091035513828439996e+01 4.331135863640355604e-02 1.543697203027392419e-02 1.390628098618794037e-02
1.000000000000000000e+00 6.571760362107927023e+00 6.251468967851876890e+00 1.299950006734392538e+00 7.158370667897241191e+00 2.572776061687529037e+00 4.357289023361413882e+00 9.159104363851545472e+00 1.345821700344424117e-02 3.904930463375212712e-02 3.101474902642613329e-02
1.000000000000000000e+00 6.323596701805721310e+00 7.332903985948417969e+00 1.973006421721877235e+00 9.059927038039296221e+00 3.838151882466199094e+00 3.573519849804017490e+00 1.076819210034049945e+01 3.515457298705589734e-02 4.415765184998652476e-02 5.918220210739017634e-02
1.000000000000000000e+00 5.599290869202775411e+00 9.351561704192448587e+00 8.294742482770275371e-01 8.060562383236145934e+00 3.718334812594588978e+00 3.265496280827621334e+00 8.587334845340755862e+00 2.541073984595901974e-02 2.804818681933803071e-02 4.190968439946894664e-02
1.000000000000000000e+00 6.143069088073300321e+00 6.667397359382801980e+00 1.343194352204505115e+00 7.683550672090502687e+00 4.079246745173958466e+00 3.380324124830909049e+00 9.477160159496531122e+00 4.769635482413230043e-02 4.226788119977703539e-02 2.869269999703974797e-02
1.000000000000000000e+00 5.279258572376014591e+00 9.190796806210165926e+00 8.179941655840345938e-01 8.025714363808214458e+00 4.781193982344294824e+00 2.839339582910948678e+00 8.607115952449298391e+00 2.580118364806972819e-02 2.498761331035604868e-02 1.875411742965461120e-02
1.000000000000000000e+00 5.745442108387881497e+00 6.986885505150464581e+00 5.979516126434428758e-01 8.466962150500561890e+00 4.818227844867033483e+00 3.076910547398358897e+00 8.820020509281889076e+00 4.421363790898514418e-02 3.765936229841932575e-02 3.592828189032804681e-02
1.000000000000000000e+00 5.400047006701308661e+00 7.265332067481890199e+00 1.209392124740579888e+00 8.703420333440890388e+00 2.934490692218953978e+00 3.568342626331327594e+00 9.983058773200932379e+00 3.531600620528147633e-02 3.387375769830088673e-02 4.486331358717353390e-02
1.000000000000000000e+00 6.697252083895944175e+00 8.452895923363689334e+00 1.829272334335307892e+00 7.343976916514026065e+00 4.924811526731706302e+00 3.172162004513383149e+00 8.162287191105225048e+00 3.416299963515381788e-02 3.751179773280356733e-02 4.559716096772780530e-02
1.000000000000000000e+00 5.805179610314818994e+00 9.345742859739113229e+00 1.913134061008316511e+00 8.463184963378898473e+00 3.760408004031913443e+00 3.435803645188756583e+00 1.004556609107385867e+01 3.214265542765952499e-02 3.132025334624977120e-02 3.383899483341998998e-02
1.000000000000000000e+00 6.567953241944238130e+00 5.525486279296196734e+00 6.255844394861597157e-01 8.220273530176692489e+00 4.241263234705172636e+00 3.648218128233756463e+00 8.621346172563594479e+00 3.221088380840529675e-02 4.147377797596685234e-02 4.278301572519421087e-02
1.000000000000000000e+00 6.344280259525816312e+00 7.051893164019396920e+00 1.768262875546163349e+00 7.846225032925705278e+00 3.463550028103200340e+00 3.630495366912512623e+00 1.017234015712355344e+01 3.639909978380505284e-02 4.806755006642846745e-02 4.625986606236451998e-02
1.000000000000000000e+00 6.621827581603013435e+00 7.016805420366772239e+00 1.590067211086696908e+00 7.159148952822905976e+00 4.299770074501687134e+00 3.251697360010036508e+00 8.476368382582299077e+00 2.900793484944478098e-02 3.539218731326829182e-02 5.052326066631367824e-02
1.000000000000000000e+00 6.463120097970088018e+00 8.512865327997152676e+00 1.643975566565853530e+00 8.441560865409870829e+00 4.479275572425395424e+00 3.519510629900531207e+00 9.359333684274645293e+00 4.713800175130816034e-02 4.262529437961443818e-02 3.575660080015342912e-02
1.000000000000000000e+00 6.735262509636566364e+00 5.836764176854018160e+00 1.103586615951334560e+00 8.057788180444033443e+00 4.083502122510685339e+00 3.592703419548848309e+00 9.204884884463178096e+00 4.130040232365855130e-02 4.402973187793968179e-02 5.862283637770592665e-02
1.000000000000000000e+00 5.826698975974903938e+00 6.691747600310968380e+00 6.613364124419134349e-01 8.024887788694318402e+00 4.148034160721547181e+00 3.069545060069579279e+00 1.041789595834304549e+01 3.568880331729790134e-02 3.264998018804475544e-02 6.163096849350829798e-02
1.000000000000000000e+00 6.960807986313750639e+00 7.108881367555277109e+00 1.434039438873159433e+00 7.325772422645172810e+00 3.710583068727929756e+00 3.668599593684510385e+00 1.021535977096234049e+01 4.324380601562920201e-02 2.825579797352093664e-02 6.476430005703731618e-02
1.000000000000000000e+00 6.288120313787998406e+00 6.297779245374679036e+00 1.200691835969982524e+00 7.564165431277275253e+00 4.035487110730819005e+00 3.250005449441094374e+00 8.465612039254876819e+00 4.630180489824056722e-02 4.859253260547841125e-02 5.629028220729943854e-02
1.000000000000000000e+00 6.185551332939060565e+00 6.927861080042044151e+00 1.814841469340826130e+00 7.542421500115533028e+00 3.081204341942763048e+00 3.597392204838942398e+00 9.504101534474138191e+00 2.038012951254758107e-02 3.309163491485980768e-02 5.204645412682373795e-02
1.000000000000000000e+00 5.827648412578180448e+00 7.630998549410957565e+00 1.883587061700415344e+00 9.485941868274275990e+00 3.128983334051144816e+00 3.798341976783466301e+00 8.086206029582573507e+00 1.087396146573540653e-02 4.928313916896596980e-02 5.073874669180718222e-02
1.000000000000000000e+00 5.553782742518275306e+00 7.204992490686737305e+00 1.920891068229080734e+00 9.305189057593446833e+00 2.988909535837332321e+00 3.930851516313757621e+00 8.287458500469758960e+00 2.252869609860858741e-02 3.139504002670154975e-02 1.841563873834297510e-02
1.000000000000000000e+00 5.676006674676289165e+00 8.023110352578068927e+00 8.942941543470805943e-01 7.936292440612668031e+00 3.196149813511044879e+00 3.719047694625181588e+00 9.945062028036053547e+00 3.535625258034508223e-02 3.007431212243466198e-02 1.584334253795116609e-02
1.000000000000000000e+00 6.975089864262693951e+00 6.551153472187098536e+00 7.576000601254746503e-01 7.095078652696225952e+00 4.343255262658152205e+00 3.497453669060605286e+00 8.880636390920450651e+00 4.767524865402776590e-02 4.890957511450186312e-02 5.293821526539675693e-02
1.000000000000000000e+00 6.287519252423547478e+00 6.683487269077318160e+00 1.294898194969262395e+00 8.256800414710772529e+00 4.202676433508964138e+00 3.314330980824927053e+00 8.469116290483448495e+00 2.841541101853049811e-02 4.051093701105926842e-02 5.676607969433986739e-02
1.000000000000000000e+00 5.740048573093501361e+00 6.195778669917041626e+00 8.970565743765130939e-01 8.444476413394479408e+00 3.527889687191816837e+00 3.751646026622841745e+00 9.793212277979407077e+00 4.101609120549481319e-02 4.812372948773381565e-02 5.696232038981299817e-03
1.000000000000000000e+00 6.793359641962878115e+00 5.665336100977516942e+00 1.129368058809265163e+00 8.499148875585696317e+00 4.430768615145352918e+00 3.475653808616907092e+00 9.844618520831193820e+00 3.007620229572134651e-02 4.715000860253469595e-02 7.107350163729969639e-02
1.000000000000000000e+00 5.183067262859506918e+00 7.748844151156402127e+00 1.571610501256191617e+00 8.860097264802345052e+00 4.612533189921792953e+00 2.938078861339238124e+00 1.079766415860626516e+01 2.161266459699839534e-02 3.078423166537381378e-02 1.436634515962719946e-02
1.000000000000000000e+00 6.332044260423943527e+00 7.749113409955364240e+00 1.831461279629438277e+00 7.189388768437436461e+00 4.117911414904187772e+00 3.297808229725293305e+00 9.182699861747359193e+00 2.412294715744423002e-02 3.933846377188693344e-02 3.126377143937611458e-02
1.000000000000000000e+00 5.404586548367613652e+00 8.998167983996937735e+00 1.032735548406314319e+00 8.476790407573226105e+00 3.049080290995157760e+00 3.031405044823511030e+00 1.042723400860623606e+01 4.159255743367668012e-02 4.833986638134282754e-02 9.975970673725398363e-02
1.000000000000000000e+00 6.172489787686826546e+00 7.640436217218277370e+00 1.764519043709521284e+00 8.130965228730007155e+00 3.533462331759472441e+00 3.485239460754180563e+00 8.189953922988516766e+00 3.486701804889498491e-02 4.043032864468083798e-02 5.739710227160840783e-02
1.000000000000000000e+00 5.768714103494366974e+00 7.123699622842302404e+00 1.563979063949150206e+00 8.943889547564392473e+00 2.484917987944788020e+00 4.041412079283064784e+00 8.039607447072206980e+00 3.355345365811633618e-02 4.806582234246900565e-02 5.776864504364290914e-02
1.000000000000000000e+00 5.969066764244551848e+00 7.296540935789805893e+00 1.548182445148932329e+00 8.234949122924954068e+00 3.638763105571822809e+00 3.668569849439179631e+00 9.813577052293700476e+00 4.668764076203792135e-02 4.248475359059010470e-02 1.562163384839247368e-02
1.000000000000000000e+00 5.026596514277722250e+00 9.950215919113595930e+00 1.268849360716440833e+00 8.703509043080684293e+00 4.245203793476773235e+00 2.970444087577038594e+00 1.049939473802167100e+01 3.088832662703940718e-02 3.039894678095871744e-02 1.880791797650675778e-02
1.000000000000000000e+00 5.931581309771731370e+00 7.104590054325795379e+00 1.054485465894944296e+00 8.183815559189628885e+00 4.385533208464964972e+00 2.975213181000488039e+00 1.038474632134216868e+01 4.874269452581930784e-02 3.467199606346233615e-02 6.943884293385574336e-02
1.000000000000000000e+00 5.435859148986321721e+00 8.663910130259623088e+00 1.505817433130597571e+00 9.503780391308614739e+00 4.208646797000365147e+00 3.182936527473088972e+00 1.012243380473111465e+01 3.854192914607049159e-02 3.339652351920879142e-02 3.992549789889323492e-02
1.000000000000000000e+00 6.037765903250610577e+00 7.573571901620223201e+00 1.780435368647968142e+00 8.664814574901303246e+00 3.038563648097194925e+00 3.769229421414940440e+00 8.574029528303103831e+00 1.670063262086842956e-02 2.814135527631534892e-02 5.901957919974923361e-02
1.000000000000000000e+00 6.816179522342260100e+00 9.658055081747745518e+00 1.464634581435786620e+00 7.669811747442882854e+00 4.334181603630525181e+00 3.522421248728527132e+00 1.023639387835408421e+01 3.852631371937191573e-02 1.795606609077626467e-02 5.309172465154611553e-02
1.000000000000000000e+00 6.567854322392708610e+00 8.333173502144537892e+00 1.062566710060925290e+00 7.639112679506456338e+00 3.617283061776613184e+00 3.842474308204533173e+00 8.613208393057867340e+00 3.782355865009720541e-02 4.028442150499764868e-02 3.664066597864504976e-02
1.000000000000000000e+00 5.368980310750938401e+00 9.438068247228160956e+00 1.828064295933746308e+00 9.255321555367748587e+00 4.025886209182399256e+00 3.442293509609145374e+00 9.235124733513389472e+00 1.771690650480993098e-02 2.963564197180915127e-02 6.767792068950451156e-04
1.000000000000000000e+00 6.326495064834866788e+00 8.273978729121353126e+00 1.400684025060361826e+00 9.143520911406973539e+00 3.098433363406610574e+00 4.378391242457338350e+00 8.238711807788709152e+00 2.925470942450864031e-02 4.359277634537831597e-02 2.753985375588596449e-02
1.000000000000000000e+00 5.375195778352912512e+00 7.588960768771125132e+00 1.853585976655090173e+00 9.039069424510564943e+00 3.704360346935756887e+00 3.206142614032943872e+00 1.000678837693665635e+01 2.906524886610751049e-02 2.820949689730838789e-02 4.041352681353546639e-02
1.000000000000000000e+00 5.453339008783377295e+00 8.269728065722866006e+00 1.513694260987289431e+00 9.253876760639471399e+00 4.879110999578347929e+00 3.054314542664108068e+00 1.072197155793464418e+01 2.697913697199720573e-02 1.231458503570593936e-02 1.973509758143885892e-02
1.000000000000000000e+00 6.981477178785693738e+00 9.577470862237166926e+00 1.708087417567739186e+00 7.639520004454578128e+00 3.523964865021243398e+00 3.714572062214494430e+00 9.988679967747284394e+00 3.491189325077694028e-02 1.737011947039176010e-02 8.577424699455465928e-02
1.000000000000000000e+00 5.801792931153535449e+00 7.500884236179066633e+00 1.406256855230479275e+00 8.986891492036003015e+00 4.954547501798472808e+00 3.223113359932058941e+00 9.635985980898992054e+00 2.803707956230887255e-02 1.495290179276029252e-02 1.564988098084878904e-02
1.000000000000000000e+00 6.127489845880270458e+00 8.667385728931501276e+00 1.241253831570873656e+00 8.916388864976060091e+00 3.454090081415085667e+00 4.104763711282885197e+00 1.030395826027463180e+01 3.781627799015867264e-02 2.659247956985425626e-02 1.447000071633135210e-02
1.000000000000000000e+00 6.405997037538479155e+00 9.669535846404590629e+00 1.668892468746798752e+00 7.858180623632278206e+00 4.848651038851119033e+00 3.202812734800496219e+00 9.680265299679376767e+00 3.277947789262902756e-02 1.708382075550844356e-02 4.214626893595282281e-02
1.000000000000000000e+00 6.800606291265820502e+00 7.600043160311748203e+00 1.232095338908971716e+00 7.717322635995777169e+00 3.684884931301042332e+00 4.059667422724608343e+00 1.077318540724194307e+01 3.171674933316079303e-02 4.882099225490368899e-02 1.744318882053535330e-02
1.000000000000000000e+00 6.844005176372277788e+00 7.888670683891003677e+00 1.219041319327533568e+00 7.895478346620190990e+00 3.674612381160439867e+00 3.760533825134500852e+00 8.313084599514651174e+00 4.356724720623320751e-02 3.255000992564721640e-02 6.809371124062610359e-02
1.000000000000000000e+00 5.640732398353587307e+00 6.723782012517332873e+00 8.176600224901511282e-01 7.638659541962713462e+00 3.666032090871032878e+00 3.186646188605839924e+00 1.048436557414419568e+01 3.726714004856031270e-02 3.602440664306716389e-02 4.358419387236514564e-02
1.000000000000000000e+00 6.037169718955608388e+00 9.184274885895899132e+00 1.755873195297398270e+00 8.332423679617383172e+00 3.269613648404748218e+00 3.307049227341341435e+00 9.990831309774172553e+00 2.866677953253873867e-02 4.353053619878401170e-02 9.182079534839471258e-02
1.000000000000000000e+00 5.235416307876448627e+00 9.530126683859077019e+00 1.987009430390916265e+00 8.623348511141816886e+00 4.385593626851346905e+00 2.902771024176615366e+00 1.003326975360073448e+01 3.820121823050409704e-02 2.682833079311252450e-02 2.928249771961048339e-02
1.000000000000000000e+00 5.203098128327871663e+00 9.347227033119175132e+00 7.411371151551328085e-01 7.283947637496730465e+00 4.649393447814934355e+00 2.501815827153652805e+00 1.016157118205966015e+01 1.596242357672763776e-02 2.039218691283505372e-02 5.423296129251337083e-02
1.000000000000000000e+00 6.071344856809941071e+00 9.972221770397736051e+00 1.227042738979722492e+00 8.401256765766937917e+00 3.807516016534076453e+00 3.242810057029993143e+00 8.583566727497377258e+00 3.086063145930959331e-02 3.729711209618881418e-02 8.294855251110282157e-02
1.000000000000000000e+00 5.528405747413593474e+00 8.767632627844420767e+00 1.791521362455124278e+00 9.707522512914334101e+00 4.939999857590588128e+00 2.972677159581844197e+00 1.049427410791253124e+01 2.904242846527556321e-02 1.757108145649635689e-02 4.412734075222512348e-02
1.000000000000000000e+00 6.163887225538753789e+00 7.058551085752787557e+00 1.197417411570156354e+00 7.463708962788112800e+00 4.644518240725219904e+00 3.065652935415089431e+00 8.096403330765859607e+00 2.049130534028571413e-02 3.567261396084300817e-02 4.237065028524870242e-02
1.000000000000000000e+00 6.139133572806494854e+00 7.116966484859211128e+00 1.173942661609593374e+00 7.599754379724412701e+00 3.326562297018098135e+00 3.584790815199497160e+00 1.028648576535443482e+01 4.550578197564013327e-02 2.680451544182708978e-02 4.894110151460160513e-02
1.000000000000000000e+00 6.778731708591105409e+00 6.788110560177285535e+00 6.896412690381188426e-01 7.396296322715055105e+00 3.662780327609731934e+00 3.667838269542631480e+00 1.022534891730303741e+01 4.387518180822093383e-02 4.494564193834488242e-02 6.990391981623252093e-02
1.000000000000000000e+00 6.483011032105467919e+00 8.184240513752362389e+00 1.073724618997670799e+00 7.226868380236433076e+00 2.958187736366840959e+00 3.573041001653720627e+00 9.521655504849212193e+00 3.357732716283996083e-02 4.501223755126712578e-02 9.582394494782218997e-02
1.000000000000000000e+00 6.182507497607320879e+00 6.733396305863461606e+00 1.348187938563716548e+00 7.800645693170121575e+00 3.579651434475629390e+00 3.611814122134946903e+00 8.101593025597981779e+00 3.481713118137819835e-02 3.897124824818691546e-02 3.280369379432619692e-02
1.000000000000000000e+00 6.057384589527767815e+00 9.441296938038370001e+00 1.014925214970660239e+00 8.175497287201125118e+00 4.236954776377415577e+00 2.976251842037709316e+00 1.073061582035415995e+01 2.317681323369067542e-02 3.422917516190553122e-02 9.440494594776814574e-02
1.000000000000000000e+00 6.416516169240891188e+00 8.878926363943135058e+00 1.550144462570186565e+00 7.447177450570368507e+00 4.571268907070293430e+00 3.153157619447965576e+00 8.662977039099729382e+00 3.871296057383073752e-02 4.043061823675581090e-02 5.083451463354820427e-02
1.000000000000000000e+00 6.713056516720049771e+00 8.030068140265882448e+00 1.482973565388881365e+00 7.597002814549865590e+00 3.911465326533734022e+00 3.277027383731402566e+00 9.454401451489399477e+00 3.345868617242103021e-02 4.401125714657613819e-02 9.594694055520430753e-02
1.000000000000000000e+00 5.666851704624616737e+00 9.214047075158068978e+00 1.461909889659293249e+00 9.840299996642649205e+00 4.165483867006967600e+00 3.353075932532644465e+00 9.148668954982699830e+00 2.716835700488512070e-02 2.279572745839119133e-02 4.722787819660258929e-02
1.000000000000000000e+00 5.683430329582370710e+00 5.945346794573022287e+00 1.682184394714331566e+00 8.205139582217269023e+00 2.874503651958748129e+00 3.803528742481371960e+00 9.998729584008037463e+00 4.336274730402557565e-02 3.370314200827730089e-02 2.332742746360465941e-02
1.000000000000000000e+00 6.663236468602522500e+00 8.861773962857066422e+00 1.737858350278854935e+00 7.891942801831901555e+00 3.926455797268287640e+00 3.999839121175109202e+00 1.088483625063647864e+01 3.003104095579302302e-02 4.507091468833633596e-02 1.743534491882501453e-03
1.000000000000000000e+00 6.689663772963143629e+00 7.051097617660606609e+00 1.389327431705878801e+00 7.238533259196078262e+00 4.087295265160995505e+00 3.734505880038279990e+00 9.512919346826972600e+00 3.060626723610053446e-02 2.325321826442110912e-02 4.656876159246054608e-03
1.000000000000000000e+00 6.615991185699920507e+00 5.571716759111951411e+00 1.074526899779091327e+00 7.585176312571659807e+00 3.462648335564662450e+00 3.660754449390856813e+00 9.280859570899957944e+00 2.661540110245528418e-02 3.055978600680665791e-02 6.257563742880453694e-02
1.000000000000000000e+00 6.601737244302618990e+00 5.561196116269858436e+00 1.205152212847934834e+00 7.330051538717331283e+00 4.152072638994181553e+00 3.128726703356892180e+00 9.519229556815290039e+00 3.686478219800578410e-02 4.230855278605971659e-02 8.051303432491511980e-02
1.000000000000000000e+00 6.740591042447957371e+00 8.996606148137463066e+00 1.527763379557742995e+00 7.314925774991236196e+00 3.389360155135115349e+00 4.179702344812843862e+00 9.663289435566770891e+00 4.029746633063131800e-02 4.374812163640064144e-02 6.846125451295183295e-03
1.000000000000000000e+00 6.131368792000405854e+00 7.628104389955478126e+00 1.551739093468739172e+00 7.777301997749116680e+00 3.263248091380700266e+00 3.743404523574807907e+00 9.247265375478226801e+00 2.192078702455046990e-02 4.543764485198011072e-02 3.275161944227169414e-02
1.000000000000000000e+00 5.740550852902950751e+00 7.793450019855312938e+00 1.046921398585938690e+00 7.697329980620372325e+00 2.793474881203344751e+00 4.001740285003886122e+00 9.849107427066456921e+00 4.882894694815252679e-02 3.253102868543972237e-02 9.395005647432204746e-03
1.000000000000000000e+00 6.837904474949142219e+00 7.081373209500908317e+00 6.891138307114708095e-01 7.687416484995675425e+00 3.955110811015064343e+00 3.533874103052373705e+00 9.705661974175919582e+00 4.573776808908230906e-02 3.687289607648718687e-02 8.221571006233581447e-02
1.000000000000000000e+00 6.995879527794992114e+00 8.865186375201785651e+00 1.522177190866469854e+00 8.112003334125816423e+00 3.531399996916022133e+00 4.258437372364467066e+00 1.098628983178897833e+01 2.620868808467121530e-02 4.612461695158541486e-02 3.118223700611480118e-02
1.000000000000000000e+00 5.727567859411742290e+00 8.767225135575662520e+00 1.658458144923120159e+00 8.694012915590942470e+00 3.222814359682757868e+00 3.937523934352852084e+00 8.701351500618127233e+00 1.464859685590167229e-02 4.837525437371605064e-02 7.540041316364862189e-03
1.000000000000000000e+00 5.979254900502318115e+00 7.739119604896528060e+00 1.488970553347785941e+00 7.944711141391479714e+00 3.961819719530960349e+00 3.044494180873473788e+00 8.477587731857978426e+00 3.739598468609661719e-02 4.036051849591108104e-02 7.466879085951028117e-02
1.000000000000000000e+00 6.275281712803989720e+00 9.865966592057548112e+00 1.354202824641536740e+00 7.882193706015275581e+00 3.718787802898042116e+00 3.552858086020799888e+00 8.531596303183814456e+00 4.719683032907198705e-02 2.201996670181548266e-02 4.810130201277863088e-02
1.000000000000000000e+00 5.987132554395983242e+00 8.938393080675425040e+00 1.468162042952263269e+00 8.560236612447821969e+00 3.569003350057562418e+00 3.785595374811568714e+00 1.016866136120498609e+01 3.834462283705369900e-02 3.453703676040346948e-02 2.007578179610779862e-02
1.000000000000000000e+00 5.888384284743083619e+00 7.990235003739087460e+00 1.158562948361689937e+00 8.520657829148209572e+00 4.041738459578447795e+00 3.536586146254343088e+00 1.069981010781606834e+01 4.452363396887566022e-02 4.418746754031219193e-02 1.620054111690374596e-02
1.000000000000000000e+00 5.095260938749865964e+00 9.964980732569182820e+00 8.964624895762856038e-01 7.964555782505111203e+00 3.688160858201163350e+00 2.879321781301019012e+00 9.739230884441390401e+00 4.271730318143211746e-02 4.120497418532435840e-02 4.887567159425210139e-02
1.000000000000000000e+00 5.711296462900639526e+00 7.015463806987533246e+00 6.787904452458347615e-01 8.181631484262092968e+00 3.694190875946137265e+00 3.523248685310638173e+00 9.566313959594907601e+00 4.489978824811109714e-02 3.991668264858901777e-02 1.893989410845631216e-02
1.000000000000000000e+00 6.053760118680772351e+00 7.856824094189494900e+00 1.814351890509397824e+00 7.520191953014031760e+00 3.732881543805888214e+00 2.950448389500541335e+00 8.376927259972642759e+00 2.957634156901147934e-02 3.762174694357079546e-02 8.765740959518499020e-02
1.000000000000000000e+00 6.157045192578417314e+00 9.525768072312802204e+00 1.212718115069413516e+00 7.532080200560553607e+00 4.115359879298315704e+00 3.211913374519920872e+00 9.714731688623697181e+00 1.406291697055580409e-02 2.214234855148517617e-02 5.425854873419411889e-02
1.000000000000000000e+00 6.176791627237060212e+00 8.195054756674178265e+00 1.204750747725166660e+00 8.512539110383933405e+00 3.807368199691236299e+00 3.471624204144450498e+00 9.624348189197542425e+00 3.888459477300567485e-02 3.920572257067463096e-02 6.447387326971915078e-02
1.000000000000000000e+00 6.039760964112330655e+00 8.637089788030738902e+00 1.217880996153200668e+00 8.425708052315119545e+00 2.896546402487220284e+00 3.603211565888700285e+00 1.050739975162091788e+01 4.289931914144189118e-02 4.941452335800661927e-02 8.949985352846517861e-02
1.000000000000000000e+00 5.227584493002948918e+00 8.867339271106907006e+00 1.828347963609312288e+00 8.905043679308523252e+00 2.433851827946411195e+00 3.588628239089219019e+00 8.375665872588342609e+00 2.092138707903591979e-02 3.293543335134573036e-02 6.408922331563954300e-02
1.000000000000000000e+00 5.392349458980641330e+00 7.537728670120777963e+00 1.438259264317230723e+00 9.792165911867970252e+00 3.816369836723237263e+00 3.310787122597198984e+00 9.944507169433883575e+00 1.772834375794775028e-02 2.656335536042257750e-02 4.244409753943360203e-02
1.000000000000000000e+00 5.352958045708882118e+00 7.581811768154810949e+00 1.919119865960448479e+00 8.819406555113449286e+00 2.828020992619311613e+00 3.638906180539239976e+00 9.390416482430568479e+00 2.023853916089277810e-02 2.956511115298049788e-02 3.309675073537311774e-02
1.000000000000000000e+00 6.791406968593535431e+00 7.541463477963126216e+00 1.680854712844601639e+00 7.363300921668995080e+00 3.618640740577631298e+00 3.916281094091428105e+00 1.097891913550764542e+01 3.563656361888368346e-02 3.044835466042258854e-02 2.366480697776904285e-02
1.000000000000000000e+00 5.685837175633997376e+00 7.020255769649409672e+00 1.532151283783273366e+00 8.222406341466800939e+00 3.866680916766661369e+00 3.238944509909401415e+00 9.828824812334406857e+00 4.348826064545833342e-02 3.953468278832026478e-02 3.349030984550414175e-02
1.000000000000000000e+00 5.809284829082850266e+00 7.154557947583709776e+00 1.706599433544402356e+00 8.541252422053675630e+00 3.332291421012040900e+00 3.346303418120494477e+00 8.421481161767980339e+00 3.786536546861823949e-02 3.474957737768613608e-02 6.645667139806515911e-02
1.000000000000000000e+00 5.737690289286523360e+00 6.316534280754908970e+00 9.500774288704527670e-01 8.440400871949059081e+00 4.991710269828446123e+00 2.992339096375149943e+00 1.004605235331533386e+01 3.497376712142990368e-02 3.135282645837812049e-02 3.203752573947532545e-02
1.000000000000000000e+00 6.411479447973301937e+00 9.531860545924441652e+00 9.047831734913402979e-01 7.559482115035163652e+00 3.927250606027509416e+00 3.185355731856082784e+00 9.319489065787131210e+00 4.190923984012753789e-02 4.549126937261299686e-02 9.567615785938556050e-02
1.000000000000000000e+00 6.520685325816543809e+00 7.047207546459748784e+00 1.468103522037568442e+00 8.359570270557110661e+00 4.272357238868251805e+00 3.737929413448787486e+00 1.023094690351833513e+01 3.847779380204612715e-02 4.966407801872052552e-02 1.523623599845190524e-02
1.000000000000000000e+00 5.704850704700517916e+00 6.025126567273185962e+00 1.442055185889063562e+00 7.749760468805326319e+00 3.733530669170520788e+00 2.957141361273392555e+00 8.263448316307499653e+00 4.172581893319868979e-02 4.725316624495154438e-02 6.387592050681970002e-02
1.000000000000000000e+00 6.542230078532505821e+00 9.000925205319237676e+00 1.082014921094361037e+00 7.809904876811641472e+00 3.225239979827838166e+00 4.065644278980979465e+00 9.434710549998214901e+00 3.544662113742108600e-02 3.313369177695227319e-02 4.125984311207574196e-02
1.000000000000000000e+00 5.112588725535077927e+00 8.785851963367452555e+00 1.224983165516570827e+00 8.569196413593472172e+00 3.545662732387041327e+00 3.397883339357666621e+00 9.544962713338051685e+00 3.359708113515890576e-02 1.772335341368276584e-02 2.596797206989116466e-03
1.000000000000000000e+00 5.368328780666900002e+00 9.949860593965487610e+00 1.325124717752321990e+00 7.403475862498719806e+00 3.058730512252386458e+00 2.861139581775365315e+00 1.030154792557944710e+01 3.332865738420559554e-02 3.177237650903998178e-02 9.144504996918950690e-02
1.000000000000000000e+00 6.209754427706238644e+00 6.764040113923837083e+00 1.461991133358932826e+00 9.160999446303829785e+00 3.359477496225718340e+00 3.878791402464690563e+00 8.248799511818244667e+00 2.738908766958362412e-02 4.486587740909026706e-02 5.220830558904191593e-02
1.000000000000000000e+00 6.861068326481079893e+00 5.455005846442219308e+00 1.043460367229228414e+00 8.246513721846266520e+00 3.774352541159562424e+00 3.706833996929741915e+00 9.547873411049014436e+00 2.232287020680394363e-02 4.185786154650847357e-02 7.660208970925677652e-02
