7.950207994583874394e-03
1.025778332155822571e-02
6.719594450746154551e-03
5.955462479607254861e-03
1.507007366716527942e-02
1.075773921326283501e-02
3.092875051767468922e-03
2.705639442376987780e-02
9.525853612849076099e-03
2.229013271059404958e-02
7.799098720618625503e-03
1.474376903956770360e-02
1.500826871115983410e-02
6.290223223349904712e-03
6.484955216246041619e-03
1.333007748345804884e-02
8.242439137009309122e-03
1.194152484901426364e-02
6.810779908991376405e-03
5.761855090285216557e-03
6.552445380774501831e-03
7.742485276710307784e-03
1.984098932811395252e-02
9.381203642545294166e-03
8.397604038715618738e-03
4.482442621201935921e-03
2.049510536221334223e-02
7.494923361403049537e-03
5.404985322303746363e-03
7.104482476067096840e-03
4.068871638856073024e-03
7.701763466951395444e-03
6.840260221606581960e-03
5.599661904564416995e-03
3.956072448276204932e-03
2.566926510723320856e-02
5.634836019949115982e-03
8.081019579080557860e-03
1.489343720957371497e-02
3.046669845835561427e-03
7.462347152478439848e-03
8.229347517411890814e-03
3.089094679195038967e-02
5.901752393256237163e-03
2.573793320686824752e-03
3.798243565477235108e-03
1.045191333622371745e-02
1.360876436006058093e-02
1.040195536337077536e-02
1.242034644992978491e-02
9.570160072417030137e-03
1.055347368354922488e-02
2.059742255140130374e-02
5.550715888245180002e-03
5.533459809135352590e-03
6.906938668254113123e-03
8.359183751911769891e-03
1.616212070260712730e-02
1.258746077803265910e-02
1.491333918224345585e-02
6.151755397597577328e-03
6.650357463874470056e-03
9.434543469485160913e-03
8.750021010674839672e-03
5.111104629280348310e-03
1.342768082848187598e-02
1.184885476198604612e-02
4.782342153371765998e-03
1.707440263508377964e-02
3.539853506922426007e-02
5.908011383539980496e-03
5.104336641450987928e-03
1.509437084109039630e-02
1.120256505035538593e-02
3.883806001572156531e-03
3.096601160283577684e-03
4.452215888532618827e-03
4.970777421052229549e-03
4.285460613675231775e-03
3.997926209038262131e-03
3.797328540709458099e-03
1.339632992074585825e-02
1.823661120660876114e-02
3.247382907438163286e-03
7.622116911021535081e-03
5.945747822560566026e-03
1.932434837403490188e-02
4.840330669532547786e-03
6.595419809342888649e-03
3.636198634027869997e-02
3.651377555700200620e-03
1.199478231462735439e-02
1.642540303530970469e-02
5.028078134329603058e-03
1.759248104837933535e-02
4.875961303598371974e-03
9.474144768146798221e-03
4.007423645914657238e-03
8.323413492083006279e-03
4.682345673762928345e-03
