1.000000000000000000e+00 6.563308571284780513e+00 7.339193055441818103e+00 1.409559017901893974e+00 7.860143744423956136e+00 3.891628207943548468e+00 3.645595293070430731e+00 1.082914585887779069e+01 2.442531322852106029e-02 4.297392952691600487e-02 5.022625156586829620e-02
1.000000000000000000e+00 6.746442627020092786e+00 8.525949053224456620e+00 1.766971181320722728e+00 9.305610315696789314e+00 3.155616853119100007e+00 4.509243055407870848e+00 9.575715973525847247e+00 1.809457991673821264e-02 2.285091265559996074e-02 3.638971826787124747e-02
1.000000000000000000e+00 6.124404689596163465e+00 9.570507474262354819e+00 1.331551922281913658e+00 8.696596634692829397e+00 3.469382599334718265e+00 4.009733876435277011e+00 8.196633167044463875e+00 1.874321970063971485e-02 3.498213988581629075e-02 2.946612272991179157e-02
1.000000000000000000e+00 6.280814732775958475e+00 7.072929422870598337e+00 1.671883451328879389e+00 8.617785198913489708e+00 2.391483167740400706e+00 4.479466766172881975e+00 8.976308715816466943e+00 4.055607906020603642e-02 3.234478528252331120e-02 4.528318735891685709e-02
1.000000000000000000e+00 6.445665373613135074e+00 9.621230259063722201e+00 1.536511870303990168e+00 9.582540745469405152e+00 3.811757275795045530e+00 3.996818915310453857e+00 9.678252337978584308e+00 1.338788760106046985e-02 1.235009539365227588e-02 3.864091053529872255e-02
1.000000000000000000e+00 6.715997256278892991e+00 7.420546478866482332e+00 5.391599071357331407e-01 9.259577393619881747e+00 3.409389533555055252e+00 4.392903798155987971e+00 9.648342421834490423e+00 4.815027752437538860e-02 4.204054714776352814e-02 6.161794311332438601e-02
1.000000000000000000e+00 5.604958387898973271e+00 7.771596829253956784e+00 1.396446572577314305e+00 7.962938335546805746e+00 3.174566705782200238e+00 3.394418740714682858e+00 9.114527768038874100e+00 3.327120628480004921e-02 3.596639845971030813e-02 3.610044785671046724e-02
1.000000000000000000e+00 5.158744439792842584e+00 7.675133168042930443e+00 1.585582975291020880e+00 7.336330881958596173e+00 3.166457342786467954e+00 3.085527229291807672e+00 8.064836845325300985e+00 4.684014385818639770e-02 2.127467467068044904e-02 2.520424090753856788e-02
1.000000000000000000e+00 5.733782185327150671e+00 8.593779962488342861e+00 1.657128649389710162e+00 7.831903192983837414e+00 2.776325439472020928e+00 3.435617091275926072e+00 1.030933972149055222e+01 4.478546620679244028e-02 2.482172903996383156e-02 7.961123819845115912e-02
1.000000000000000000e+00 5.022890149857472508e+00 6.173023297569394607e+00 6.286145228898308845e-01 8.597835435816303828e+00 3.611510950250856666e+00 2.975300335816732034e+00 8.093506155753599884e+00 1.940012020830857165e-02 4.314407978730707555e-02 4.718513682925209313e-02
1.000000000000000000e+00 6.141128944741323537e+00 8.338386734481126439e+00 1.200293302395117667e+00 8.703043612983721644e+00 4.119600253296751724e+00 3.186924066835707059e+00 1.071272428922143938e+01 2.824045780624519567e-02 1.141835531084166300e-02 8.122230245175110497e-02
1.000000000000000000e+00 5.263423362393190530e+00 6.248405407218088570e+00 6.562190663356470832e-01 7.684607826230587690e+00 4.336398196594936749e+00 2.954855657520586654e+00 8.793022697109266872e+00 2.999932797927462244e-02 2.525444975947566117e-02 1.898291822078798999e-03
1.000000000000000000e+00 6.065843348652882661e+00 9.092815590718055674e+00 1.803817127552518551e+00 8.923007287375062546e+00 3.882662744366507823e+00 3.076691908655116769e+00 8.242704011290323152e+00 3.647735126457601895e-02 1.706375318679641609e-02 9.923577924877335921e-02
1.000000000000000000e+00 5.357223474011513886e+00 6.135733703842095821e+00 1.052989706064331399e+00 7.989228748758640641e+00 3.038730726920748193e+00 3.086782390572374801e+00 8.463309961656614533e+00 3.399432705372947006e-02 2.928907200784745812e-02 6.494374642623459981e-02
1.000000000000000000e+00 6.102399669534424476e+00 8.279055093460971904e+00 4.945133073008641245e-01 8.603983371568912020e+00 3.603549024676441448e+00 3.606514953996303952e+00 9.276009267014018178e+00 2.297480179298338684e-02 1.177517787443754967e-02 7.322002010856622223e-02
1.000000000000000000e+00 6.103537242333859858e+00 5.581662963950510203e+00 7.806036520249154398e-01 8.104742536942616482e+00 4.340141831236433489e+00 3.058937808376330558e+00 1.047142584602645599e+01 1.722132361093870259e-02 1.571550339387043846e-02 6.034774417823486614e-02
1.000000000000000000e+00 6.662146838865147025e+00 7.353659102305206474e+00 1.129826486174821065e+00 7.653205918393267915e+00 4.194011796922481494e+00 3.899439151935540249e+00 8.790407346848816417e+00 3.786544784101392169e-02 4.064193982127127514e-02 2.756575998261596473e-03
1.000000000000000000e+00 6.029238765445847470e+00 8.168732307175995189e+00 1.187580412899502669e+00 9.656098881390503763e+00 4.035140947842053905e+00 3.861992598818762890e+00 8.463231133525194849e+00 1.316275934296340377e-02 1.117663277299954690e-02 2.234771767551649649e-02
1.000000000000000000e+00 5.945996566502359748e+00 9.477334783487041392e+00 1.763404349167748464e+00 7.774552859290372098e+00 3.843177194418048614e+00 3.401379350295008486e+00 8.573045694812302386e+00 4.228680218750374697e-02 3.272206344990236104e-02 3.388315092509491117e-02
1.000000000000000000e+00 5.493341361178233129e+00 6.211397643541829439e+00 1.011874696122447403e+00 8.613298409023796509e+00 2.792739303004166285e+00 3.525182548422131301e+00 8.407359749377613767e+00 2.678364621980229565e-02 3.059370624258611615e-02 7.306448008768440250e-02
1.000000000000000000e+00 6.163752727038002810e+00 8.477772906917733664e+00 1.629612983205563470e+00 8.711625137504672267e+00 4.283615950699540598e+00 3.631433619442021143e+00 9.972484426179420325e+00 4.163290977821443306e-02 1.847775347364458143e-02 1.256074558887452716e-02
1.000000000000000000e+00 6.802764234741518479e+00 7.483719972168183077e+00 1.606236861212793077e+00 8.407080731708743926e+00 3.866997653704349780e+00 3.748045611252163845e+00 1.010367441472618744e+01 3.016818203102134693e-02 1.088040181112182730e-02 5.899056042830479879e-02
1.000000000000000000e+00 6.535692224003685880e+00 9.608557283873009780e+00 9.362048003933061135e-01 9.579145111577787475e+00 2.540811493982665148e+00 4.815978858255023809e+00 9.389944379443733169e+00 2.699589622194517591e-02 2.539912975343670831e-02 7.560572882344565593e-02
1.000000000000000000e+00 5.415695484060708331e+00 7.671659656338336575e+00 1.017737910844805693e+00 9.295233460343238718e+00 3.560319387383774625e+00 3.340049250854439045e+00 9.945972970920244904e+00 4.805576775617353968e-02 1.062378090891142463e-02 5.115717220244490882e-02
1.000000000000000000e+00 6.414457189392734904e+00 7.380836250960736145e+00 1.918272373957100152e+00 9.663159699706115546e+00 3.700639790721854006e+00 3.574083765705712068e+00 9.094415123429412162e+00 4.053059760077599993e-02 2.706912090038838398e-02 8.756217804994795295e-02
1.000000000000000000e+00 6.445562804263121670e+00 9.399223575177792611e+00 7.339211571882260365e-01 9.142829123791354817e+00 3.709035362375569189e+00 4.080015137327070107e+00 9.313023793254833649e+00 3.372486543281465188e-02 2.385639938538844373e-02 4.909528325639897495e-02
1.000000000000000000e+00 6.866656907663222675e+00 5.699587012142237619e+00 1.478231720802464455e+00 8.096964631724480554e+00 2.655261378192160127e+00 4.424063675229161774e+00 9.718865960764301093e+00 1.684893292105791446e-02 4.687750564851960594e-02 6.086169115681099029e-02
1.000000000000000000e+00 6.719545987481259530e+00 6.683758510403950304e+00 1.578728016474918228e+00 8.268476990548464300e+00 4.638130403430501758e+00 3.566144038933012794e+00 8.839805767668165615e+00 3.508990817858244349e-02 4.348992085462403956e-02 4.047321561608843710e-02
1.000000000000000000e+00 6.502427719370508008e+00 8.151652776414374912e+00 1.392368020130605233e+00 7.596556315501628021e+00 3.548149259951881795e+00 3.795333648346760569e+00 8.652466733424276413e+00 4.122568941253212244e-02 2.498402723293807054e-02 2.639191220631793150e-02
1.000000000000000000e+00 6.286670040141792981e+00 6.456822944938602760e+00 1.041077608405781785e+00 9.639731052382257914e+00 3.670644081173854989e+00 3.938418661191284365e+00 9.594951745884607419e+00 4.322334365411284463e-02 1.142449983949545694e-02 4.613804722594045532e-02
1.000000000000000000e+00 6.249066344393755301e+00 8.037606158040897952e+00 1.439864152214084481e+00 8.832598658085172971e+00 3.610450491779735760e+00 4.038297668914844429e+00 8.450892224255328600e+00 3.625052559453504492e-02 2.619751836160573444e-02 1.522525512082183001e-02
1.000000000000000000e+00 6.754605149790785745e+00 6.914395290681854434e+00 5.681421099131191976e-01 7.939430450229460590e+00 3.960100202466449559e+00 4.107990462453992464e+00 1.017663217819962185e+01 3.013290478447310308e-02 3.066364948813544641e-02 1.963151467374740083e-02
1.000000000000000000e+00 6.429347722371204554e+00 6.148420910967083763e+00 1.586783807677426772e+00 9.453111768742591181e+00 3.701863671686724810e+00 4.151272858107441621e+00 8.910369773692247364e+00 4.291188733079485951e-02 2.725019456952323602e-02 9.968426298980606615e-03
1.000000000000000000e+00 5.315537371084567475e+00 7.406479357129464702e+00 1.582503720698760663e+00 9.021229909754763909e+00 3.912510908383174169e+00 3.090507954663455514e+00 8.798189157068861732e+00 1.817582159797023755e-02 3.553024596796798551e-02 3.303152816722848550e-02
1.000000000000000000e+00 6.287378449257651880e+00 6.267597048359061063e+00 1.821836948110551635e+00 8.706763755773380353e+00 3.348343865539752606e+00 3.569755115025368575e+00 9.031439479210574106e+00 3.082833960688866753e-02 3.476692903697722881e-02 7.237602351743693818e-02
1.000000000000000000e+00 5.011640936464692331e+00 5.090076326263675455e+00 6.848049475530890717e-01 8.461665932866488049e+00 4.243871323683254815e+00 2.980916606308288141e+00 8.939382888213390999e+00 4.121402211020848416e-02 4.170266261632452759e-02 1.515503865033329504e-02
1.000000000000000000e+00 5.929717309566618688e+00 7.637708789109218799e+00 1.667359634504873789e+00 8.155006747999530958e+00 2.516730734905558098e+00 3.785511431745939070e+00 9.056975467244338773e+00 1.577142410305948372e-02 3.374773943708063439e-02 7.483872121530846244e-02
1.000000000000000000e+00 5.028097848524141433e+00 7.791802766441827899e+00 1.094273631640207523e+00 9.710676575425877033e+00 3.214665570367142067e+00 2.967115066078313212e+00 9.290592978756649245e+00 2.693127484634118274e-02 2.957293112453190931e-02 7.856254382617064436e-02
1.000000000000000000e+00 6.994926530983962998e+00 7.241249084901914657e+00 7.647733072031148716e-01 8.917414585635221158e+00 2.989635065641594203e+00 4.412851317474345336e+00 8.572970055394003808e+00 2.639942508502236135e-02 1.868586305156685889e-02 9.276301674401551955e-02
1.000000000000000000e+00 5.999355391067791921e+00 8.901965300784038249e+00 8.965342623922518683e-01 8.311888414725075336e+00 3.821941290110710820e+00 3.458831070093018489e+00 8.785615430282113891e+00 3.180484427098681510e-02 3.661076811297996059e-02 5.075438148957842066e-02
1.000000000000000000e+00 5.824298001106580358e+00 7.844602966401874156e+00 1.837352605660904636e+00 8.576264897909684493e+00 4.558291438234213899e+00 2.807177285617330487e+00 9.341058670186463075e+00 3.897142041346654540e-02 1.539293330944989727e-02 6.959851715722269183e-02
1.000000000000000000e+00 6.762709691041512983e+00 6.076351005642045777e+00 1.256308013266252965e+00 8.307586389841793206e+00 3.058139715717526741e+00 3.882014358056332881e+00 1.022170932729360793e+01 3.798325393492410496e-02 2.474142116648183135e-02 8.983530457171826078e-02
1.000000000000000000e+00 5.108180601550318833e+00 9.868731854358241407e+00 1.714647992786743291e+00 7.854608906568083526e+00 4.022237067638074315e+00 2.515007244140607945e+00 9.055302157222641313e+00 3.916087747549285014e-02 1.095466908239963941e-02 7.264917849781310499e-02
1.000000000000000000e+00 6.445280774300381488e+00 7.875395472755025494e+00 1.506877452770430281e+00 8.138057495362099658e+00 4.559349449994354764e+00 3.254984391323098247e+00 9.761176952670998830e+00 4.637589146630852199e-02 1.862975819861333038e-02 5.141022765690102247e-02
1.000000000000000000e+00 5.990817833730487152e+00 9.089763464454083675e+00 1.323050703147291340e+00 8.876145478776949815e+00 3.433352598611587148e+00 3.562274332366040852e+00 9.060517922682102210e+00 4.021367786322677107e-02 3.396474625123104690e-02 5.985773926530561090e-02
1.000000000000000000e+00 6.131556254741052925e+00 8.130284262207037926e+00 1.167365844486310866e+00 8.924537214437819443e+00 3.086957817453884978e+00 4.037123027578660484e+00 8.788487510698466565e+00 1.496770091346859288e-02 2.663845429000134823e-02 5.597787175812123789e-02
1.000000000000000000e+00 5.601524772386317963e+00 9.251561672625577160e+00 1.403732540874435664e+00 8.878393064445765148e+00 4.759360916274133046e+00 2.711585205326841663e+00 9.197576766778349011e+00 4.816750866908643680e-02 2.514872683142431453e-02 7.444608966356699997e-02
1.000000000000000000e+00 6.661965703523659244e+00 5.999395456455548725e+00 7.742223887222969836e-01 7.894802214414131214e+00 4.118113423590820332e+00 3.819698638147744241e+00 9.294517650070018178e+00 4.786744241191448479e-02 4.116335057685992227e-02 6.445670170511702546e-03
1.000000000000000000e+00 6.940003121160057908e+00 5.708903313685201653e+00 9.568586209792075969e-01 8.187427485658229642e+00 3.818902430347239196e+00 4.019474941322372707e+00 1.067526620506109758e+01 3.151461237165254642e-02 2.184743218639491336e-02 4.725313132903002922e-02
1.000000000000000000e+00 6.402630795707533906e+00 9.733986643405817318e+00 1.384743070160357137e+00 9.156073267317420772e+00 2.824408077398572026e+00 4.413544215897054812e+00 9.473439318967415090e+00 1.110410150908164480e-02 2.561233618992762515e-02 6.497803146321408374e-02
1.000000000000000000e+00 5.110586473406258712e+00 7.094755179106039478e+00 1.571815199952978137e+00 8.618028480306911376e+00 3.394840435709532755e+00 2.802936492734584562e+00 1.022498772741055717e+01 3.838281937280538236e-02 2.016236917367599663e-02 7.771203240021476444e-02
1.000000000000000000e+00 6.212176858651111466e+00 8.330347584883567080e+00 8.355135907842253795e-01 9.396722858911395804e+00 4.966697149235212549e+00 3.333048369541498523e+00 8.750675236571135329e+00 4.504981498501623577e-02 4.265205359559477022e-02 4.221195811875780302e-02
1.000000000000000000e+00 6.611606132282463300e+00 5.644639889828546586e+00 8.942455276812018017e-01 9.431643118896438693e+00 3.768518241304972261e+00 4.266758698177686604e+00 8.219694656790199616e+00 4.404387987908796320e-02 4.687352323725232223e-02 3.018215357208306471e-02
1.000000000000000000e+00 6.471069971693196088e+00 6.374389087208079729e+00 1.106761796346117599e+00 9.283384875988291540e+00 3.236763125886140458e+00 4.049241417293754530e+00 8.430658313458575748e+00 2.088365656355867239e-02 2.780981313291217005e-02 6.363011510402791227e-02
1.000000000000000000e+00 6.417789553369926736e+00 5.844775175107917775e+00 1.195002369114088525e+00 8.349245761735959448e+00 4.691745659924423606e+00 3.138605569597872513e+00 9.690873230159072094e+00 3.248475855377266214e-02 2.134894075395234875e-02 7.338278606049400410e-02
1.000000000000000000e+00 5.103496446544874665e+00 9.484702366752490121e+00 1.429629368539418355e+00 8.133886733968395788e+00 3.614152333711310838e+00 2.977030554410566410e+00 9.321967190565201733e+00 2.989890862340181810e-02 2.471356389516519980e-02 3.402712914126319876e-02
1.000000000000000000e+00 6.753315388221697191e+00 6.024349422193575165e+00 9.572580054514725489e-01 8.086052303677464081e+00 3.221298505493409792e+00 3.917643777274061545e+00 1.033889751031675708e+01 3.127051666391050810e-02 2.093200205638199446e-02 7.565055728849989780e-02
1.000000000000000000e+00 6.396381348052441851e+00 5.611001849168186340e+00 1.464144156479522785e+00 7.942394064921034946e+00 3.843944933995135926e+00 3.415118019961996598e+00 8.120946309126129137e+00 1.748061943869115911e-02 4.497802646126904114e-02 5.985468606790370072e-02
1.000000000000000000e+00 6.503164085395903626e+00 8.491608638318556501e+00 1.329630246325423926e+00 7.615113512242011495e+00 4.599824045977975118e+00 2.863368601585516871e+00 1.006363526648732432e+01 1.597002884654110527e-02 2.828586109275130905e-02 9.415151729809238812e-02
1.000000000000000000e+00 5.276924560044268020e+00 8.461331470172986258e+00 8.283042361216900185e-01 7.476071098162493378e+00 4.346879848955486736e+00 2.724784966156324373e+00 9.074732246429739746e+00 2.386102981070067908e-02 4.608121212952890483e-02 3.981827073132541972e-02
1.000000000000000000e+00 6.237706772825901247e+00 7.810239298208724534e+00 6.957438298213526329e-01 7.868388079343788810e+00 4.199260798018966234e+00 3.384548757121006446e+00 8.798341360387675891e+00 4.664765247112198643e-02 3.770343514248070127e-02 3.695861528163359166e-02
1.000000000000000000e+00 5.264743623296762820e+00 7.415139070521226117e+00 9.495063704925291725e-01 9.609819906682448121e+00 3.223454131345931284e+00 3.317984769219310515e+00 8.781727481062025831e+00 2.509050689897511510e-02 2.759745812603794923e-02 7.224365226706894183e-02
1.000000000000000000e+00 5.318750868782336383e+00 5.944443167491938240e+00 1.084535935762186432e+00 7.851115822376812048e+00 4.643649229489255070e+00 2.631722700847346719e+00 1.031992671564153596e+01 2.685568254308357342e-02 2.978746309786870633e-02 4.612912026751322253e-02
1.000000000000000000e+00 6.871434204020663294e+00 6.480479254027667224e+00 1.654070971749905361e+00 8.784127126125369500e+00 3.928820185849271951e+00 3.846106842366114442e+00 9.552425502352495101e+00 1.613363735747372005e-02 4.287135282331308583e-02 6.157372106462848105e-02
1.000000000000000000e+00 6.330110563974216120e+00 8.338316846406417682e+00 8.115925581652481124e-01 9.124849496105268187e+00 3.781180574897668567e+00 3.922088912821749318e+00 9.209374157880096945e+00 3.337806878027708979e-02 4.772260842625283828e-02 3.423435099198346432e-02
1.000000000000000000e+00 5.931380401162487104e+00 6.087510354632332366e+00 7.847034013301639188e-01 7.355978402314425679e+00 4.478325783990420916e+00 2.826058107902055028e+00 9.903885222151728840e+00 1.563982996073230020e-02 2.487142976068296846e-02 7.567150924418454550e-02
1.000000000000000000e+00 5.416655823552696702e+00 7.278503879624389938e+00 1.674059846720516553e+00 8.393340454364963676e+00 3.634772194177123605e+00 3.357801948975127182e+00 1.044257219532710224e+01 4.357362878703396891e-02 1.141816367495777224e-02 1.830767361503890522e-02
1.000000000000000000e+00 5.799257762599194344e+00 8.683104101440266120e+00 1.063049222612001188e+00 7.594787916666872363e+00 3.641107946586899402e+00 3.161714525383978902e+00 9.172830812052815475e+00 1.574587587090119090e-02 2.241454365885333158e-02 5.402301882335128896e-02
1.000000000000000000e+00 6.324057022356244673e+00 5.908086026449166361e+00 5.446007800675737309e-01 7.560496122071590719e+00 2.990379943286012754e+00 3.522807311757452098e+00 9.785778889407062309e+00 1.928267799855430675e-02 4.086954330710117211e-02 9.275753375302123183e-02
1.000000000000000000e+00 6.645406085562877152e+00 9.308171204104588980e+00 1.441545508628745642e+00 9.329297784780994363e+00 2.655886148346783493e+00 4.256864134747388562e+00 8.061985081442923473e+00 1.348177302561591115e-02 2.215180924658816802e-02 9.731363634785336614e-02
1.000000000000000000e+00 5.690610021148181374e+00 9.797745978584817550e+00 1.516229347689262097e+00 7.728134004373075072e+00 3.932833755595091407e+00 3.271122883038757312e+00 9.785559925124697855e+00 2.952712004495047782e-02 3.176592915467049000e-02 2.694963509447198882e-02
1.000000000000000000e+00 5.164014651368770359e+00 8.622814805354835244e+00 1.318446188269199348e+00 8.934977581103739297e+00 3.155178693074658813e+00 3.372141342018805332e+00 9.070773107965125703e+00 1.937621722689555903e-02 3.699735481854619923e-02 4.992744310780009021e-02
1.000000000000000000e+00 5.256444788240334454e+00 6.426143035742833298e+00 7.435080010067169898e-01 7.203967075344653637e+00 3.637195936995705647e+00 2.810877491295126873e+00 9.014840390204046372e+00 4.350281620386216991e-02 4.179102679093846251e-02 4.909102796212511111e-02
1.000000000000000000e+00 5.081519710237543563e+00 9.589810135724107454e+00 1.305643962313022932e+00 8.996301787854827481e+00 3.551321739644997866e+00 3.297194469568335506e+00 9.557516472066264868e+00 4.414187623632875174e-02 2.103389518929962149e-02 1.665392842828449654e-02
1.000000000000000000e+00 6.768814846926922257e+00 7.758658901961243970e+00 9.871921396063594312e-01 8.017753834432841842e+00 3.615374069468969775e+00 4.080073580041942094e+00 9.568050243656854192e+00 4.137878683672360780e-02 3.131983895713397192e-02 4.588568916363144207e-02
1.000000000000000000e+00 5.988031802891996769e+00 6.865076691663436037e+00 1.670356293303761008e+00 8.288151484627864107e+00 3.169574877942301860e+00 3.672888876040189210e+00 1.003174676701271650e+01 3.351201881247600073e-02 2.242993170213467002e-02 5.320681340930319414e-02
1.000000000000000000e+00 6.043080103065973319e+00 8.261688470368008907e+00 1.254108941207999539e+00 8.116666021634912909e+00 3.623651981791315979e+00 3.131096101846087443e+00 1.037771426917369766e+01 3.255518955217441557e-02 2.169679255705647680e-02 8.754701170015735667e-02
1.000000000000000000e+00 6.315891181328622039e+00 9.038187411226530799e+00 1.104944793408573656e+00 8.359659028793615221e+00 4.123089989187325166e+00 3.363202633208290493e+00 1.007451036093414842e+01 3.120508741491125754e-02 1.882394692195410446e-02 6.793575092725667730e-02
1.000000000000000000e+00 5.985517809955151591e+00 6.588169098452937966e+00 1.445419888546554787e+00 8.259603629309022921e+00 3.918114965815442829e+00 3.214819625842134876e+00 1.054936626994243554e+01 2.983498762869020784e-02 1.905491663346472325e-02 6.077600485911510697e-02
1.000000000000000000e+00 5.949208173665972765e+00 5.742830300796931908e+00 1.538816986739400594e+00 8.132735281610251832e+00 2.956391878041335630e+00 3.685642699542009293e+00 9.777931568477633562e+00 2.450317573925150233e-02 3.761695431717266419e-02 5.039628630336989712e-02
1.000000000000000000e+00 5.763005903945373376e+00 8.774445412327587235e+00 1.460685957387379830e+00 8.904117697998509939e+00 4.592005196953512502e+00 3.120442474783207132e+00 9.346491594850835583e+00 3.762556440048952372e-02 2.045586027300930199e-02 5.242493887975530759e-02
1.000000000000000000e+00 5.657667406468718241e+00 8.165419697202969118e+00 1.555144448945765756e+00 7.710209376578294638e+00 4.163124895169752371e+00 2.528254623776441612e+00 1.054854337856909474e+01 4.226298631876784784e-02 2.118645456582641390e-02 9.153430165894348158e-02
1.000000000000000000e+00 5.224440263366495252e+00 8.856582500627416366e+00 1.224725201737002500e+00 9.273986544841765323e+00 3.773168477513324959e+00 3.272498141722944620e+00 1.063830199505695617e+01 4.925876738792528409e-02 2.120984419618861250e-02 2.337462344264722505e-02
1.000000000000000000e+00 6.402216426293792395e+00 7.524127507114380720e+00 1.235470601258230605e+00 8.281822744558727578e+00 3.881331161152494769e+00 3.515237780076903462e+00 9.805686510983878890e+00 2.783616616491545875e-02 1.870248554740249619e-02 6.965122165822827671e-02
1.000000000000000000e+00 6.347890197789813449e+00 6.529136804386553194e+00 1.475815522553915349e+00 8.523824448448442226e+00 2.588237314027190816e+00 4.256941810909491863e+00 8.656639907222013264e+00 2.026937376539789115e-02 4.042184789275966861e-02 5.971189388893472644e-02
1.000000000000000000e+00 5.281138753991819534e+00 8.437691160500168763e+00 7.104006293997199295e-01 8.132221577056130357e+00 3.576041914890446982e+00 2.848930913456734437e+00 9.198378202910372892e+00 2.308927533083633687e-02 3.304485211051409049e-02 7.538192798067144818e-02
1.000000000000000000e+00 5.581394571762210433e+00 6.996472668063591804e+00 1.095399477404806587e+00 7.331071284087706807e+00 4.025642994741930103e+00 2.516373783473439651e+00 1.029306459129607276e+01 1.261195127513231942e-02 2.696052498146922494e-02 9.357331475533349485e-02
1.000000000000000000e+00 6.377725272609644058e+00 7.858703367094189041e+00 1.561922042748722816e+00 8.840565399927621471e+00 3.971629060275961187e+00 3.595974431498919710e+00 1.031009872533904925e+01 3.845607719667611113e-02 1.993250553693665106e-02 6.308616796615530709e-02
1.000000000000000000e+00 5.834101406465316053e+00 5.589253537253546789e+00 1.635116638248508947e+00 8.397498617093797080e+00 3.889639587148882693e+00 3.001133020411065999e+00 1.043239550034800800e+01 3.542464045111674842e-02 2.596848777998853053e-02 7.519342664738337678e-02
1.000000000000000000e+00 6.750848365280251784e+00 9.016001208234538211e+00 6.726853865947441946e-01 9.353485175068609436e+00 4.113194197272075137e+00 4.499214078048272114e+00 8.169522382713610753e+00 3.239059666779669361e-02 4.550792298805474145e-02 1.179285602102540320e-03
1.000000000000000000e+00 6.097405094514531498e+00 9.156010999984427912e+00 1.491337036167279528e+00 9.315522479998602279e+00 3.166832494810012388e+00 4.039717503365332973e+00 8.645139642240856404e+00 2.543525596924308546e-02 3.094345429215133308e-02 5.078831034725651838e-02
1.000000000000000000e+00 5.253831052588095574e+00 9.978462542941258562e+00 1.161320973182303096e+00 9.327500936862154646e+00 4.067651288151246547e+00 3.364943942653351172e+00 9.076579097892130576e+00 3.080209216671645975e-02 2.096625007858218120e-02 3.286843520933536988e-03
1.000000000000000000e+00 5.843062913392495616e+00 8.683374387568314035e+00 9.562205314231834175e-01 7.247841479343893667e+00 3.490260825131532130e+00 3.432742625926157309e+00 8.167292282823293448e+00 2.217358906439450758e-02 4.824397544430850115e-02 3.853294147560635402e-02
1.000000000000000000e+00 6.031943344307462596e+00 5.909243587914213336e+00 1.406940271530320530e+00 8.854487119770780623e+00 3.874048553916029203e+00 3.638495492281656585e+00 1.049569781045202888e+01 3.096770195504326695e-02 1.919343248659443474e-02 3.267544982012385302e-02
1.000000000000000000e+00 5.580404025656954481e+00 9.045307633527864155e+00 1.795446451257085352e+00 7.750558150369576182e+00 3.890357756619335472e+00 3.236173569302874586e+00 1.039223355571581209e+01 3.831124874093935068e-02 1.143016780547862106e-02 1.880473087063866400e-02
1.000000000000000000e+00 6.474542443086832577e+00 7.383638909400801253e+00 1.203346351867199182e+00 7.580490693978665817e+00 4.055534799625424291e+00 3.175442670763339859e+00 9.909911329778383404e+00 3.004248213049394781e-02 2.033450328104002142e-02 8.010236413730725813e-02
1.000000000000000000e+00 5.924523271281435299e+00 9.490000269102015551e+00 1.976980850682183100e+00 8.997640513075147339e+00 4.145506924534815063e+00 3.313508403087777054e+00 9.787196751499461556e+00 4.516479088671515596e-02 2.181934475559670766e-02 4.329828190119457132e-02
1.000000000000000000e+00 6.001709778230338799e+00 7.543575321201704043e+00 8.006148878564000038e-01 8.256828537851857774e+00 3.768709141334416479e+00 3.262509918364121297e+00 9.488608063109259305e+00 1.546604134443850358e-02 2.983751071945214828e-02 8.323074054189165405e-02
1.000000000000000000e+00 5.270735929075209825e+00 5.689016191626029340e+00 1.489122236371695607e+00 8.933492142366599609e+00 4.280396490568435297e+00 2.722385956314512079e+00 9.836108481579341145e+00 2.005641844166842352e-02 2.855071401312802432e-02 5.615017750256815626e-02
1.000000000000000000e+00 6.574840771264858219e+00 6.352509550557141615e+00 1.265180921220856458e+00 8.327865000492046477e+00 3.623937011743701309e+00 3.825341099366682762e+00 9.403682411434260757e+00 4.688608944435753573e-02 1.658482075462313493e-02 5.075069072538625214e-02
