1.000000000000000000e+00 6.527445644948133285e+00 6.851130522561440728e+00 1.124738608824735309e+00 7.652943060692550148e+00 4.445849797339728404e+00 3.363896476647814993e+00 9.437102927943644914e+00 4.142175091455960190e-02 4.276916884397480995e-02 4.456138655623427536e-02
1.000000000000000000e+00 5.908220982871286608e+00 8.890109577651784889e+00 8.057491275545141107e-01 7.721594820729905884e+00 3.348339753591613288e+00 3.212003671405205818e+00 1.043360920940497216e+01 3.479266495591339797e-02 4.561330999140884856e-02 8.690561018167483609e-02
1.000000000000000000e+00 6.533260621763931297e+00 6.787374889433405833e+00 1.423807020651568056e+00 7.533364886658924675e+00 3.834967355670063860e+00 3.428632473463527841e+00 8.553629241014462536e+00 3.068177431550227902e-02 4.431487574764890469e-02 6.535758579934677903e-02
1.000000000000000000e+00 5.023537808133186289e+00 8.725164326710252993e+00 1.682510134382374956e+00 9.223324307104963538e+00 4.443131823482560527e+00 3.010201918458395021e+00 1.007117686500470022e+01 2.765624459877028332e-02 2.303880164962907040e-02 7.995302600764371548e-03
1.000000000000000000e+00 5.891372951487277021e+00 7.054463433689315721e+00 1.148770207648655894e+00 8.003670983861422172e+00 3.430648895111472196e+00 3.812165433796229408e+00 1.061001211381849529e+01 4.519961106643016757e-02 4.242279328661716087e-02 5.993343378718117564e-03
1.000000000000000000e+00 6.776983661534293546e+00 7.660708419564128846e+00 1.679875300860536047e+00 8.162400679273105197e+00 4.207090944102706231e+00 3.838391288577840843e+00 1.044426193549777437e+01 3.753090363092895232e-02 3.821997738648100218e-02 2.007596431481822874e-02
1.000000000000000000e+00 6.942076876161134891e+00 9.473656617316663642e+00 1.391741461123797707e+00 7.752060799085585430e+00 4.134094782463997753e+00 3.628159631993431056e+00 9.139063758757934863e+00 4.038649623885014195e-02 3.027688629136365828e-02 6.478120219123556511e-02
1.000000000000000000e+00 5.559419872735723800e+00 7.709259358267918749e+00 1.878424350250697206e+00 8.858303333922318501e+00 2.529156684821590950e+00 3.912819975962690933e+00 8.361449739641130918e+00 2.144107172905082223e-02 4.145163192446506273e-02 4.565251692457115984e-02
1.000000000000000000e+00 5.377582877300292274e+00 8.597487244330110912e+00 1.195869428860687256e+00 7.182082911894067223e+00 3.906018519874207673e+00 2.947966439421558782e+00 9.191825465582569521e+00 2.095454156551029845e-02 1.528453907382130474e-02 2.483604847626010026e-02
1.000000000000000000e+00 5.607217924614777971e+00 9.067991218814990262e+00 1.353208461420940978e+00 9.378549046411205126e+00 2.792581881650281872e+00 3.541742188234011213e+00 8.985725093888115467e+00 4.139446362742797703e-02 2.873157127320641671e-02 8.703065508950061369e-02
1.000000000000000000e+00 5.466656357372658093e+00 6.140688391474053986e+00 1.349150277779634699e+00 8.430149858573074084e+00 3.892891090484160266e+00 3.131513143596852622e+00 8.201451352901434788e+00 3.147192994889524975e-02 1.588311010099823992e-02 3.854508776356707633e-02
1.000000000000000000e+00 6.197056541714623279e+00 7.336332494586196518e+00 1.317570570039507505e+00 9.729547155441782280e+00 3.090339366299217794e+00 3.843425128845338712e+00 9.378689826536486862e+00 1.481883762130076915e-02 2.147801763659108049e-02 8.424967605096432555e-02
1.000000000000000000e+00 6.768462331379906161e+00 5.495881566187658329e+00 1.362934480864792519e+00 7.123974732285019762e+00 3.301285459160598901e+00 3.608878572715627175e+00 9.761146159958650870e+00 2.144759036000513236e-02 4.923133854526925285e-02 6.561718052077963881e-02
1.000000000000000000e+00 6.853887882884293958e+00 7.996749860787833342e+00 1.716327551507681015e+00 8.660496238858311102e+00 3.734106115673920812e+00 3.749895572717719450e+00 1.020240308791568395e+01 1.726759018330203260e-02 1.165703885463553226e-02 8.286228936968584313e-02
1.000000000000000000e+00 5.723008387063102553e+00 6.525526473950939987e+00 4.444789136426069431e-01 8.836829972168668945e+00 3.776510781817578266e+00 3.491348984902672647e+00 1.024101325185877620e+01 4.707994215456406256e-02 4.863718361582668182e-02 4.565862754299809118e-02
1.000000000000000000e+00 5.968643385905193277e+00 7.352678172242312016e+00 8.216758377331967456e-01 9.801311554475038434e+00 3.982320670071150648e+00 3.939500947577564638e+00 8.277461660059364235e+00 2.234567580901945100e-02 3.223391733981562784e-02 7.077000804843162560e-03
1.000000000000000000e+00 6.788770915472253087e+00 8.623072766624620300e+00 1.000461087617507072e+00 7.802824533595151379e+00 2.067686912493961415e+00 4.981822559540455941e+00 9.740888640530654285e+00 4.675899240642630850e-02 4.933351535909817620e-02 6.289333814823419577e-02
1.000000000000000000e+00 5.440075436602919368e+00 8.124016192403752612e+00 1.017316533692848468e+00 7.925009276846247452e+00 3.227235222367438539e+00 3.001593454898553226e+00 8.697721004660227351e+00 1.291447053227096943e-02 3.346402741041895612e-02 8.394488093704872977e-02
1.000000000000000000e+00 5.747122858902534936e+00 9.432385187162482865e+00 1.323264463516235168e+00 7.566172242973171258e+00 3.203706791083710481e+00 3.076503841743054579e+00 9.894487016387149225e+00 3.602835739498692902e-02 2.888591967272050726e-02 8.590820282930697327e-02
1.000000000000000000e+00 6.229700519278805970e+00 9.656082870737947133e+00 1.553903160334153100e+00 9.195399180929571870e+00 4.526574873532220877e+00 3.295988827128141008e+00 9.309455449561186313e+00 1.918795933073208157e-02 2.380888333184003752e-02 6.620239017070665699e-02
1.000000000000000000e+00 5.922404983725704675e+00 7.935195292381559184e+00 1.576219550016704662e+00 9.392683616575835615e+00 3.677932100071076071e+00 3.634960101941757671e+00 9.270831370521182890e+00 2.367072594004447292e-02 4.253979477916637608e-02 4.541889376054700916e-02
1.000000000000000000e+00 5.577513644319252784e+00 7.857444252347840496e+00 1.046809963636764040e+00 8.266498712314737318e+00 3.495136052148788863e+00 3.404424305953789975e+00 8.022031725810833791e+00 2.547749965878975259e-02 4.973960550742664855e-02 3.780210685044916447e-02
1.000000000000000000e+00 5.640107206245143168e+00 6.856860713767887638e+00 1.350740956500022127e+00 7.942491363949129912e+00 3.901262619566383982e+00 2.694121557038525516e+00 1.080497180638602650e+01 3.875410147648206821e-02 1.179274708170216512e-02 9.719113863618700222e-02
1.000000000000000000e+00 5.626388940160515162e+00 8.222833298983118766e+00 1.377452101098345372e+00 7.886583680492184278e+00 2.003438011176659650e+00 4.099690839923566088e+00 1.016043905042690909e+01 3.040116389151946777e-02 3.647404849119737641e-02 6.470582968200649931e-02
1.000000000000000000e+00 5.603993405171845410e+00 5.978741803136847111e+00 5.886947180658932410e-01 9.029874446454945414e+00 3.875576072893363921e+00 3.015051431264591297e+00 1.035965813781662526e+01 1.650812703773134327e-02 3.361706782569268137e-02 9.112181928147036758e-02
1.000000000000000000e+00 5.959748903936704423e+00 9.876058044569193228e+00 1.749881558004652948e+00 9.155694215418757054e+00 4.205100215566360156e+00 3.697217767690184953e+00 8.478632237817564032e+00 1.363107127425853930e-02 1.742055620414283829e-02 9.231065936319469978e-03
1.000000000000000000e+00 6.645673607180677678e+00 8.580945493661321422e+00 1.789847788750972946e+00 8.390062114994620401e+00 4.318709387946529255e+00 3.660486748708048133e+00 8.960051498754364019e+00 1.880556089926431473e-02 1.465077908164963763e-02 4.104088433812502767e-02
1.000000000000000000e+00 5.371754403510625941e+00 8.427887017316541218e+00 1.734442061301308735e+00 9.595715898589165960e+00 4.780530324351324190e+00 2.714443898568354108e+00 9.567815231852325297e+00 3.842872655211385102e-02 2.299869053925031326e-02 6.625915141931018604e-02
1.000000000000000000e+00 6.717213319649813386e+00 7.021703761916825215e+00 1.861358803813759621e+00 9.316950331726905787e+00 4.713234417456527048e+00 3.304202776398499353e+00 9.179449477622940279e+00 4.420003586432243170e-02 3.189740584513395955e-02 8.842389260981091403e-02
1.000000000000000000e+00 5.721111076185056987e+00 9.593588579006139483e+00 7.487226460929773397e-01 8.764318511377107157e+00 3.270934628561321222e+00 3.587680288991159205e+00 9.517264719162616515e+00 1.558137441347277538e-02 2.486125488930214511e-02 6.268386932653456645e-02
1.000000000000000000e+00 6.211689933371571826e+00 7.524709275736809033e+00 1.301692394229306160e+00 7.866003791801219336e+00 2.328135570330876369e+00 4.635710172455680400e+00 9.202960766852630314e+00 3.261221051873153948e-02 4.401251146501404532e-02 2.652173231839188849e-02
1.000000000000000000e+00 5.617485012484418228e+00 8.437253494313383229e+00 1.007682025594643260e+00 8.423966685131235366e+00 3.613788061022774833e+00 3.310548881431413459e+00 8.696234296315280332e+00 4.579173598769309406e-02 3.251560290493235583e-02 5.114797970948967154e-02
1.000000000000000000e+00 5.892916743274581037e+00 6.470665974487829430e+00 1.272944526606206050e+00 8.619671522159128685e+00 3.650399723094412074e+00 3.375528329012489337e+00 8.150704485044528269e+00 2.179561712292416714e-02 3.737295196321634150e-02 5.924489662005449908e-02
1.000000000000000000e+00 5.792468179831406161e+00 6.322053907785122107e+00 7.619423338182333971e-01 7.472088122532964505e+00 4.449473251684081809e+00 2.683689763528817274e+00 8.868523785862411302e+00 3.198234936402335332e-02 1.095185848830242115e-02 8.865955631283337079e-02
1.000000000000000000e+00 5.363078643593627959e+00 5.134849438895898288e+00 8.342179566434041460e-01 7.760452945782153833e+00 4.818373669308411600e+00 2.798179100197369706e+00 9.249548412654698737e+00 4.522178892349067170e-02 2.849217800542472312e-02 1.214162022067464923e-02
1.000000000000000000e+00 6.545751517878318992e+00 8.008149282909958089e+00 1.392355650847415749e+00 8.176065365309950650e+00 2.582272525772186356e+00 4.688247974123974871e+00 9.835426421257597696e+00 2.720694420763575608e-02 1.934629249533536752e-02 2.570190666982824848e-02
1.000000000000000000e+00 6.648998890210674695e+00 5.794904877422851541e+00 9.320307608892077766e-01 9.326635585053253408e+00 3.188057665430207077e+00 4.238619412813002363e+00 8.885629109443296869e+00 4.460350877038969652e-02 1.776039815589929016e-02 7.302125940284871775e-02
1.000000000000000000e+00 6.678187726867166774e+00 6.402845303039915947e+00 1.116576851781753366e+00 9.272771583491632441e+00 4.046659056083365513e+00 3.555231128655507167e+00 8.747011809548538963e+00 3.378528895325080134e-02 2.574957145058176522e-02 8.910245761460758307e-02
1.000000000000000000e+00 6.927587895624832015e+00 7.527270564399608510e+00 1.396793404026199781e+00 8.596443386881672311e+00 4.181047115401353764e+00 4.123713669122031966e+00 8.938312148374130572e+00 3.095377486952836932e-02 2.321797325643359250e-02 1.615435945876740956e-02
1.000000000000000000e+00 6.140590993778003437e+00 7.070410052928398414e+00 1.503391701208482978e+00 8.349802260793927289e+00 4.118042585172073444e+00 3.248609333893929918e+00 9.778858167737626061e+00 4.031552971203658520e-02 3.706589026582743363e-02 5.897416796875072642e-02
1.000000000000000000e+00 6.103881010338240820e+00 7.316114281893907112e+00 1.496275859699167210e+00 8.152541430591025318e+00 2.148418751093171153e+00 4.586604142922620753e+00 8.888831945761275222e+00 2.245642218393259504e-02 3.746918663078029760e-02 4.233505041492167942e-02
1.000000000000000000e+00 6.397602655720209697e+00 8.414603400303224845e+00 1.203883204386603012e+00 9.181804328744723520e+00 2.649372086396846182e+00 4.433435436862128043e+00 9.974117848126223151e+00 2.681575119929129752e-02 2.552798000303720116e-02 6.387939050473918912e-02
1.000000000000000000e+00 5.259016999999538200e+00 9.420622251205823972e+00 6.175179994584649723e-01 9.984560814463948830e+00 4.334182972762474328e+00 3.046768851995751870e+00 9.338901934046702991e+00 1.986932497499926259e-02 2.883749040333344338e-02 5.298174755346577586e-02
1.000000000000000000e+00 5.762098573083778597e+00 8.302200480436312091e+00 1.710266411840666079e+00 7.714971624038751585e+00 3.443732066827837279e+00 3.339086959484561135e+00 9.495942678360670186e+00 3.576982167791081801e-02 4.312920620694802448e-02 3.795104180999338273e-02
1.000000000000000000e+00 5.774415364266274331e+00 7.671418216786289435e+00 1.955307965816459825e+00 9.467788313516940946e+00 4.176596498469511864e+00 3.097877897970837680e+00 8.310465038677087080e+00 2.675089899015166417e-02 1.960069052694738551e-02 7.064583850192958370e-02
1.000000000000000000e+00 6.212743687508560875e+00 9.272292276267148026e+00 1.998097005606380705e+00 8.175739131167802043e+00 2.665871735817724630e+00 4.366531581224236014e+00 8.573244612712150214e+00 2.585934760158052625e-02 3.134015658408190186e-02 2.228893275369232124e-02
1.000000000000000000e+00 5.918937319374865780e+00 6.093017162802127018e+00 1.036051579960828084e+00 7.789678055026835857e+00 3.319116986649759848e+00 3.562532063807988258e+00 9.149153982990036127e+00 2.285261580533617248e-02 2.281555864095191621e-02 4.286180755861198483e-02
1.000000000000000000e+00 6.085027082618548633e+00 6.163292240824112866e+00 1.178471356635207856e+00 7.369841233165318251e+00 3.175538624305525914e+00 3.473067708277790544e+00 1.046976444731926925e+01 3.492680906359585391e-02 4.207661452711206757e-02 5.355461982216815769e-02
1.000000000000000000e+00 5.703544446441237703e+00 6.025218380717396016e+00 1.582731352981115558e+00 7.109117001857653939e+00 2.827245392570408189e+00 3.743878275465413630e+00 9.055406100518757384e+00 3.765125453167846720e-02 2.815408938577846493e-02 5.000498416367155086e-03
1.000000000000000000e+00 6.112132968554213619e+00 8.151076069636278731e+00 1.662952212759814419e+00 7.798408521074636113e+00 4.229237012391076078e+00 3.447499744837025482e+00 9.381862748462587831e+00 2.916341804298168416e-02 2.549279506462378414e-02 1.392346451189858600e-02
1.000000000000000000e+00 5.175772174151705762e+00 9.346143239218029919e+00 1.520498714299955312e+00 9.805804516920154867e+00 2.861416498226219129e+00 3.227812611535776810e+00 8.150732451619944641e+00 3.794186985064824935e-02 3.374723181501790292e-02 8.787386557616982952e-02
1.000000000000000000e+00 5.492399918115231650e+00 7.324502299964471774e+00 1.965238502016117828e+00 7.683503444000388427e+00 2.577797901595628716e+00 3.871031451161350390e+00 1.023463882587931195e+01 3.817057050034061705e-02 2.623609317142523711e-02 8.855201993888988515e-03
1.000000000000000000e+00 6.015489608520289799e+00 7.660921670622066415e+00 1.536685606431826834e+00 7.338059571460858521e+00 2.900170406793555866e+00 3.653606346411983896e+00 1.045074727268420212e+01 2.701423190641085575e-02 3.395462334986771441e-02 4.757787356751805308e-02
1.000000000000000000e+00 5.662525594518498906e+00 9.605290869199254900e+00 6.631336480636392805e-01 8.478636232568428355e+00 3.471533704367459894e+00 3.363658841115568787e+00 9.466244352325132283e+00 3.780929223163935482e-02 2.363563647388054745e-02 6.355658074617481779e-02
1.000000000000000000e+00 5.880718680636121576e+00 5.835898233063590901e+00 1.456034023748473238e+00 8.392670824901516724e+00 4.363788278461981918e+00 2.821913620262270772e+00 8.476309536802057565e+00 4.386278344154802278e-02 3.561130220803414292e-02 8.271603946076554192e-02
1.000000000000000000e+00 5.527605495638551858e+00 8.659602831889364083e+00 1.484087905394606999e+00 9.953012985932613077e+00 2.948082643600222763e+00 4.221338866551556990e+00 9.069255808273243957e+00 4.231591898472805702e-02 2.281684787702488795e-02 1.566160864636462896e-02
1.000000000000000000e+00 5.423787419395764253e+00 9.028079705887140705e+00 1.148338057044150151e+00 8.334961758430450729e+00 4.520654658058706588e+00 2.846641196839532206e+00 1.066010033386209166e+01 4.105974823162146514e-02 2.352292679550346821e-02 4.197882262880214821e-02
1.000000000000000000e+00 6.941924462656191785e+00 9.290515120517902403e+00 1.594552312623377155e+00 9.959256314965122314e+00 3.359257957241266190e+00 4.669875590978690205e+00 1.021513565879373786e+01 2.561068634936916610e-02 1.589318178840245371e-02 4.690949927537579889e-02
1.000000000000000000e+00 5.190980279153105670e+00 9.437161212956812761e+00 1.535678330464248287e+00 8.038622289076410965e+00 4.631441939403836194e+00 2.559971428153477113e+00 8.107091623265283431e+00 4.817651960075973461e-02 1.451078247694111319e-02 5.184361141914499427e-02
1.000000000000000000e+00 6.851372766850381879e+00 8.982675706494418932e+00 9.226688106322031846e-01 9.660731834556719022e+00 2.694050027550511484e+00 4.695207404697758768e+00 9.303339674324806907e+00 3.295407350680835956e-02 2.597218188415433698e-02 9.307994456169146891e-02
1.000000000000000000e+00 5.286599245791038904e+00 9.386847604079477492e+00 1.814041315290677137e+00 8.275135275231580323e+00 2.968001742606726445e+00 3.623833259056758571e+00 8.546178152495880198e+00 1.267494354487926772e-02 2.404123144967802717e-02 1.297174951973599846e-02
1.000000000000000000e+00 6.065270841026004334e+00 9.646589615945700302e+00 1.404477593842165195e+00 8.785436813880531659e+00 3.345173742586624588e+00 3.461634662790856076e+00 8.172173257359007792e+00 2.921624984847283335e-02 1.124318526464112254e-02 8.645369893904784886e-02
1.000000000000000000e+00 6.104955953901247234e+00 7.564319647530192370e+00 1.021450553499003266e+00 9.222146923497252402e+00 4.498944066192231972e+00 3.394283103830845416e+00 8.330601630301183391e+00 2.012700388428952797e-02 2.614506176614348615e-02 4.564972376128493409e-02
1.000000000000000000e+00 6.760834230498132591e+00 7.596350252685068583e+00 1.497428979375054592e+00 7.561192002840094517e+00 4.037407453070898100e+00 3.583772049883354072e+00 9.431439421472950002e+00 2.567499984523356066e-02 2.860536461545777273e-02 5.185297908558242352e-02
1.000000000000000000e+00 5.237747034776521815e+00 9.051762331688490093e+00 1.814076893283842029e+00 8.132204231393597382e+00 3.886232315085231370e+00 2.947933154511399589e+00 9.304147389740371921e+00 4.944838454284592594e-02 4.066891355687574094e-02 3.840236855040363856e-02
1.000000000000000000e+00 5.717017213954220800e+00 8.350578652955281456e+00 1.454952825129449900e+00 9.176736077018865956e+00 3.928295130813884484e+00 3.213451965226663987e+00 9.045173215946970657e+00 3.583441157494675344e-02 2.968366872233511866e-02 6.501047385930837363e-02
1.000000000000000000e+00 6.129037955663983794e+00 7.003528419185141907e+00 9.695041435583759970e-01 8.217845059577159716e+00 3.258188224956163559e+00 4.063155080654229145e+00 8.524844316569543778e+00 2.574201502896204113e-02 2.999183399448305740e-02 1.557983534535570258e-02
1.000000000000000000e+00 5.044829255056393791e+00 7.281668939233841620e+00 8.653352989879216084e-01 7.677060914762495969e+00 3.674521308026072575e+00 2.783801673322260584e+00 8.630833639726521511e+00 1.300071077459571435e-02 1.261357068967408276e-02 4.692625029992055635e-02
1.000000000000000000e+00 5.954739397255210953e+00 8.414002638580084792e+00 1.601029809627658729e+00 8.544051647673100547e+00 4.246349008047641149e+00 3.272078276472581759e+00 1.027608484197075356e+01 1.755109929094762072e-02 2.439071368710324025e-02 4.451699232156500902e-02
1.000000000000000000e+00 5.872783790522054126e+00 5.321910351285680463e+00 1.282127198082766650e+00 8.508738060348425947e+00 3.375812803761300884e+00 3.054773532044475992e+00 1.003081507443363485e+01 2.976685944456253924e-02 3.151535366562206730e-02 9.594769715146342359e-02
1.000000000000000000e+00 6.386172776272980300e+00 6.532654350077680583e+00 1.503321391410834540e+00 7.124151376660194046e+00 3.167675464760488335e+00 3.627854674254311185e+00 9.714898754395399294e+00 4.330618716250408951e-02 4.482170967352129554e-02 4.950300987145825338e-02
1.000000000000000000e+00 5.983477147200073176e+00 5.251505059371666562e+00 8.621623095848570673e-01 7.489302296639519518e+00 3.521243623197711337e+00 3.712005214219772142e+00 9.458287379872595935e+00 4.048670231946191467e-02 3.951984769982128110e-02 3.409605719077659844e-03
1.000000000000000000e+00 6.767071591332593172e+00 7.648780906074826191e+00 1.619471129322767933e+00 8.171752777101660925e+00 2.709067952689290237e+00 4.358528465739574642e+00 9.217613766887147619e+00 2.863951306464727203e-02 1.413479122613018474e-02 7.014677633067362139e-02
1.000000000000000000e+00 6.990700188567188889e+00 9.214265685967255592e+00 5.992415846375983568e-01 9.177588948312155992e+00 3.190212924348660550e+00 4.746248049907448419e+00 1.094454339653113628e+01 3.648320811305774680e-02 2.998338409537831817e-02 4.244050793465850568e-02
1.000000000000000000e+00 5.107980415323591039e+00 6.607144079747648391e+00 8.764773133487725465e-01 8.397114385514504065e+00 3.411824285706239301e+00 3.216776481915420316e+00 8.386367924337569946e+00 3.723941993191902389e-02 2.933286327357578077e-02 2.518653581765997740e-02
1.000000000000000000e+00 5.984575363221670052e+00 9.145345712940063265e+00 1.438761214025339186e+00 8.527458359711108216e+00 2.783575395715601974e+00 4.382394004345331773e+00 9.323811942836853106e+00 1.841639032329083284e-02 1.741048550297241010e-02 1.550361424104704927e-02
1.000000000000000000e+00 5.832178840054181634e+00 8.915219813719417630e+00 1.818183572591739683e+00 9.488555848394293335e+00 3.219160397097051707e+00 3.831132053433616846e+00 9.288405446126937193e+00 2.977352779981474323e-02 3.691053601847787968e-02 4.137288408089993125e-02
1.000000000000000000e+00 6.027021488236162128e+00 9.298680841977029488e+00 1.509438804539517731e+00 9.029906630274474821e+00 3.840520789193727857e+00 3.353981870128701193e+00 1.033396350573726963e+01 4.658295482802239651e-02 2.106776106637078816e-02 7.840076547819183062e-02
1.000000000000000000e+00 6.660778531579127915e+00 9.701450305342403269e+00 1.958266292378148199e+00 9.673326976465483895e+00 2.783173139141724040e+00 4.901353780242107661e+00 9.474190777160020005e+00 2.357423094573193184e-02 3.310949021336528908e-02 3.868429844874526208e-02
1.000000000000000000e+00 5.531021715452109078e+00 6.689064776054554073e+00 8.435970359710491806e-01 7.187504433611842103e+00 3.855914028497698709e+00 2.702313205315958200e+00 8.920345919481235342e+00 3.401702387816080142e-02 1.176196357343689547e-02 7.800943206431462662e-02
1.000000000000000000e+00 5.856162428705888878e+00 9.404111444043531165e+00 6.846251147083373123e-01 9.343489469005994863e+00 3.518269865277945385e+00 3.416664611235033178e+00 9.665436082839114817e+00 1.573847522768177798e-02 2.966080088421949729e-02 9.345283149124045119e-02
1.000000000000000000e+00 6.686033789957370743e+00 7.449815904663925181e+00 1.200805557823426239e+00 8.729100640947994094e+00 2.603441564668792729e+00 4.963083219798783752e+00 9.523255720619959064e+00 4.763689450456472241e-02 2.268260466441121559e-02 2.810708381899844344e-02
1.000000000000000000e+00 6.161617689620364935e+00 7.036789181990924291e+00 1.297538239103539048e+00 8.216540322634912741e+00 3.315430970406829214e+00 3.691562063677840122e+00 1.030455319602837783e+01 1.592004831101682602e-02 2.763416016301760425e-02 5.231094455315941222e-02
1.000000000000000000e+00 5.847779003616327742e+00 9.083930923717868922e+00 1.336386215118047227e+00 8.370096774348350976e+00 4.479858507626042652e+00 3.310274850735663854e+00 9.566755770044073515e+00 3.450931072550571244e-02 1.910667142223466952e-02 1.686057764412151813e-02
1.000000000000000000e+00 6.201356827277535011e+00 8.744939024400803618e+00 1.725911978146916992e+00 8.465806618040533138e+00 3.593277772551489946e+00 3.295677734141852611e+00 1.039261755087603767e+01 3.238579063895254129e-02 1.870584742372643008e-02 9.187455449489101422e-02
1.000000000000000000e+00 5.615601609418916951e+00 9.341491520218587752e+00 5.747537359551114777e-01 8.827869204689191562e+00 4.514811853048790624e+00 3.279040300111665474e+00 8.102592993663185084e+00 2.917247856704596048e-02 2.718950295902134578e-02 2.375775322886290036e-02
1.000000000000000000e+00 6.144585335784987556e+00 7.879286937273706215e+00 1.492289475428520307e+00 9.529693569542715181e+00 3.611474391719490917e+00 3.872985893335681773e+00 9.074321423418531651e+00 1.708525976743496474e-02 4.586241020705959792e-02 4.812197065024345632e-02
1.000000000000000000e+00 6.717198657660238936e+00 7.763060645217534805e+00 8.855658497862164413e-01 8.653056003112808980e+00 3.216145122584565197e+00 4.164490760009883275e+00 1.007795674266383834e+01 2.888700728658069594e-02 2.492254233819955755e-02 6.406051165640463951e-02
1.000000000000000000e+00 6.484524137565518487e+00 7.450657684543209314e+00 7.144795439908790957e-01 8.954194637331035267e+00 4.455769749452522355e+00 3.601005121021561006e+00 1.040491568237995246e+01 1.683530589870047695e-02 2.062092118694806159e-02 5.385803319980067561e-02
1.000000000000000000e+00 5.781925529773776162e+00 7.501154023565787199e+00 9.821058735649978999e-01 8.964227682466509251e+00 2.921918783063854885e+00 3.434957649961528858e+00 9.581229784765989521e+00 3.879112653059438309e-02 1.600961708297577585e-02 9.484954716034735278e-02
1.000000000000000000e+00 6.479932195494332525e+00 8.335986001728052486e+00 1.317579318913187691e+00 8.339061227482766014e+00 2.819702506691535326e+00 4.243423628326784325e+00 9.402730589538499828e+00 2.901791538887020169e-02 4.264227120061358373e-02 5.359787526628918830e-02
1.000000000000000000e+00 5.872862856303515677e+00 8.281852857061906548e+00 1.302153120778352102e+00 8.476059903545078100e+00 2.934391977987619082e+00 4.043208997964047313e+00 9.807357158530276564e+00 4.067941630142558884e-02 2.109376419098395183e-02 2.035390821725204663e-02
1.000000000000000000e+00 6.524704955395021599e+00 5.146002979825160750e+00 1.471557753296580451e+00 8.963501748168432925e+00 3.000920482676843193e+00 4.432512127399296453e+00 9.230595423560576052e+00 2.534627669082275062e-02 3.597579171952475230e-02 2.576842028029366002e-02
1.000000000000000000e+00 5.658839356028737555e+00 8.261827039549721974e+00 1.574034412793637427e+00 8.553449670752216960e+00 4.358635258607996832e+00 3.110472841515043996e+00 9.076725805570967864e+00 1.460551402782443199e-02 1.300385739411751007e-02 3.783835944899703596e-02
1.000000000000000000e+00 6.227876175257780922e+00 8.043136916557168448e+00 1.357457119268925316e+00 8.518852829630871426e+00 4.331960024945959553e+00 3.484781976282522287e+00 1.093724467791738419e+01 1.907493001925856038e-02 1.912258206455884346e-02 3.694982455581540676e-02
1.000000000000000000e+00 6.524074499341109501e+00 8.183884099103671872e+00 1.782368137457041479e+00 9.432593287952716565e+00 3.499913485286320736e+00 4.413829688329224510e+00 9.496493328255626309e+00 1.355873213267921179e-02 1.683722085210535499e-02 1.642485562977523059e-02
1.000000000000000000e+00 6.337696213004902823e+00 9.394074260666156917e+00 1.290744425372913451e+00 8.931145307291380675e+00 3.636691544215341576e+00 3.780139614462634245e+00 8.604953996483358125e+00 3.041173701124021828e-02 2.791967756897001385e-02 5.631199889182722518e-02
1.000000000000000000e+00 5.923202204276679872e+00 5.830631867245458011e+00 7.233768010647880775e-01 8.492669873192898677e+00 4.936387652755096944e+00 3.338328055440637598e+00 1.089188760969714664e+01 1.998852357215313499e-02 4.189515957616415931e-02 2.791938416838508907e-03
1.000000000000000000e+00 6.459596272486674451e+00 8.237915801869425181e+00 1.878702605664170466e+00 8.795502934094038494e+00 4.425873485284625097e+00 3.520474007196049193e+00 9.522913131389021402e+00 2.617574340872452776e-02 4.596211946791068509e-02 4.063494748190469436e-02
1.000000000000000000e+00 5.903191166535533441e+00 8.631455043045960451e+00 1.144013118332526391e+00 9.888454789435069614e+00 2.874725795897207004e+00 4.482414153714044502e+00 8.442356866495925871e+00 2.525564155416351597e-02 2.716937419545019383e-02 1.786782008847180581e-02
