4.418087533579336326e-03
9.492334207484331640e-03
5.494528888507548177e-03
1.355052909723406841e-02
8.855264261316737190e-03
5.954398034623142530e-03
4.618961798140624325e-03
1.115755487199339251e-02
8.118366435181484722e-03
5.424922853041052283e-03
3.880628477253485111e-03
5.684981718989665089e-03
1.872738819286142581e-02
7.327590778692318237e-03
1.685450367483021239e-02
9.968728659750561091e-03
1.223606206474049801e-01
6.094578775461946193e-03
4.539281167525697352e-03
5.285164931979475546e-03
3.075834681557200814e-03
6.924428179774918743e-03
1.333830424864454640e-02
9.321922281130995067e-03
1.223180445049531183e-02
1.584502646216246272e-02
5.305507866886868817e-03
1.075387810386436473e-02
8.860617624833541997e-03
4.265657990512206066e-03
1.380967219187771190e-02
2.470608126022173171e-03
2.933644527675257230e-03
1.076513365980850088e-02
1.774961895160403688e-02
8.144079610862482374e-03
9.450022296424630264e-03
4.008729833844420533e-03
3.267657173498418957e-03
2.107767500448479939e-03
1.371074001333500748e-02
4.654256775148080984e-03
1.750289147502686812e-02
3.629449037768326530e-03
6.834813605182599693e-03
1.218284666253100640e-02
2.432239444564994729e-03
6.065405820190532954e-03
1.052128373725449983e-02
2.606970627693913894e-03
2.172664234548339623e-02
1.373480059480887590e-02
3.928509653032047008e-03
3.513047113938802014e-03
5.650801053828297289e-03
1.265584773729032907e-02
7.617651573249992203e-03
2.663925921438926869e-02
2.338441950482367596e-02
2.007089198133646391e-02
1.586928680899317781e-02
5.459486893464364499e-03
3.453737330182202019e-03
2.431506768520055699e-03
1.158896747852120220e-02
2.108362648243853037e-03
3.158022085122627609e-03
1.308021358845916880e-02
3.021061742023094243e-03
3.798964054646791592e-03
9.228698629359882374e-03
1.010330189714309969e-02
5.251906126977760533e-03
3.599937720890128423e-02
5.662916675603420907e-03
6.971281338132516957e-03
3.690962219745600945e-03
5.357321361591930835e-03
3.534040537299672907e-02
9.025484808037706475e-03
7.280247989396788563e-03
1.314643045609248731e-02
2.625645344904137604e-03
3.153852926046489449e-03
4.228456044315829013e-03
9.643239988281990596e-03
6.070618675794651857e-03
2.623960771516365385e-03
6.180346225292368718e-03
3.296753408374575398e-03
3.466841664536026487e-03
3.076046065442880964e-03
7.895165330470951814e-03
4.516464717738211294e-03
4.781126593100139439e-03
1.276355194207121936e-02
2.361763231647935873e-03
3.361751878400051630e-02
5.693706166698616483e-03
1.147589989895406865e-02
