1.000000000000000000e+00 3.194398783084539950e-01 1.245229989529566517e+01 1.091254678244817811e+00 1.621875163323157898e-01 5.307480586812873824e+00 6.504688629366997432e+00 7.167676707998276164e+00 7.176120170254815522e-02 8.850167744690817795e-02 4.013209409170622743e-01
1.000000000000000000e+00 3.219363424630679038e-01 1.245639229863446396e+01 1.071946288187006768e+00 4.641480954000964249e-02 4.177416608784972674e+00 8.205947147594752522e+00 1.023817492027403375e+01 7.592261658556213877e-02 8.931163522108863384e-02 3.604441546477629155e-01
1.000000000000000000e+00 3.202418840051232118e-01 1.249123383126215003e+01 1.073197683617007181e+00 3.134746173162780442e-03 4.772222076970196625e+00 7.101402236792670131e+00 8.996170350245202840e+00 7.572665417920541875e-02 8.935101214820435900e-02 3.757550449340292809e-01
1.000000000000000000e+00 3.196807858404820957e-01 1.277380027491635950e+01 1.076110010938256645e+00 9.361236290836555396e-02 4.746158198645877846e+00 7.403823405344548192e+00 1.012738758066377009e+01 7.373530592095038638e-02 8.898533580133029253e-02 3.595222585895127554e-01
1.000000000000000000e+00 3.226145847430465508e-01 1.250091214650708693e+01 1.076176849546205627e+00 3.225189610048185738e-04 4.589284152802068917e+00 8.075506650279177023e+00 9.049752474726911800e+00 7.499387082308950347e-02 8.918709998363832936e-02 3.803971435933299894e-01
1.000000000000000000e+00 3.210574548597139311e-01 1.251593275753151069e+01 1.070954587432499938e+00 6.537531392124214247e-02 4.349345739441877079e+00 7.600831461473532613e+00 1.044113618413210176e+01 7.220727962567363711e-02 8.913527548709397619e-02 3.611310625795238205e-01
1.000000000000000000e+00 3.224729512064593018e-01 1.246754045722574489e+01 1.070159728874269689e+00 7.427412547595471648e-02 4.585255213153915044e+00 8.067485093487929859e+00 8.952306700252362859e+00 7.526070504676812822e-02 8.906759769594130294e-02 3.761041485894391911e-01
1.000000000000000000e+00 3.167001311114062689e-01 1.292751424250265480e+01 1.078664021222647262e+00 3.191162400231549734e-01 5.676852072970431706e+00 6.635995531319400342e+00 8.731435797723941405e+00 6.743102625042574072e-02 8.831684373519710363e-02 3.837046558159346032e-01
1.000000000000000000e+00 3.165141126161787888e-01 1.284019800692451874e+01 1.083060374285353511e+00 2.850883104831120618e-01 5.305221299743343444e+00 6.001299961718896014e+00 8.407682167041476973e+00 6.903249043061478185e-02 8.878960104442588930e-02 3.823292482485110555e-01
1.000000000000000000e+00 3.201269905021917883e-01 1.268991783892617065e+01 1.072750007748586309e+00 1.026079432588024032e-01 4.532535676125656998e+00 7.707960555586529594e+00 9.692193418042025499e+00 7.616342988291455174e-02 8.969726138937347826e-02 3.691472536423080486e-01
