1.000000000000000000e+00 7.983196929574460476e+00 4.396579804423524251e+00 1.250606810260709967e+00 9.970729471938383881e+00 4.110757813612452516e+00 5.529523745820795533e+00 7.538647418623870777e+00 7.767150245508884499e-02 9.561309088690966851e-02 1.151247456412062969e-01
1.000000000000000000e+00 7.650368230921428037e+00 8.833108456598347757e+00 1.211924385254098846e+00 3.912409437018458558e+00 5.802710034372721815e+00 2.654736416631305662e+00 6.387444000878042871e+00 5.642180901422688688e-02 9.646769999819543306e-02 2.035676433783627781e-01
1.000000000000000000e+00 9.693237490962145486e+00 7.134643366854173330e+00 1.438182740552550687e+00 9.999684166927195861e+00 4.829168261907257786e+00 6.520636571635162859e+00 1.337743172777057676e+00 6.056959695874983285e-02 8.891245863823082907e-02 1.201402970285805061e-01
1.000000000000000000e+00 9.829553202119431177e+00 7.159566746980088325e+00 1.772058824118098341e+00 6.709693779312512874e+00 9.234910687569033882e+00 3.662657021933043211e+00 8.996917390100815481e+00 3.374836990875534903e-02 4.849130393145802131e-02 1.766649150105930599e-01
1.000000000000000000e+00 8.021920610871136503e+00 7.938212838131247118e+00 1.263772581285519614e+00 4.200117558876302226e+00 4.228179238147357744e+00 3.456820243056866637e+00 5.985872122067828371e+00 6.348130771510274162e-02 7.214649844765060049e-02 1.841410298339963281e-01
1.000000000000000000e+00 9.562069713674283378e+00 9.823352445654403908e+00 1.408213308606589331e+00 7.106407479204136735e+00 6.334662838595821022e+00 5.065264659510233969e+00 1.066878879494146659e+01 7.531076442739947918e-02 4.942469685733636570e-02 8.746688277716960225e-02
1.000000000000000000e+00 7.583402483174676689e+00 7.395075940908515832e+00 1.923643518018548271e+00 6.450589383440455293e+00 7.167595012350068018e+00 3.599489734512099304e+00 1.014873999009687822e+01 7.762673988259549684e-02 4.996444263372877559e-02 2.978286365367954769e-02
1.000000000000000000e+00 8.702887761079278306e+00 6.687982856687038513e+00 4.044075990619930838e-01 6.449583504060909078e+00 4.538399629862569284e+00 4.635872864044380037e+00 8.192434205247282719e+00 7.624121427375413207e-02 8.590772285673245467e-02 2.295108431405075977e-01
1.000000000000000000e+00 7.658111796079371203e+00 6.651500217713886443e+00 1.837642401981018692e+00 8.500096499335430877e+00 7.240509596420358740e+00 3.691254020918657730e+00 7.486278164406577673e+00 5.505891685035029653e-02 1.217613378175507605e-02 1.131132959383043257e-01
1.000000000000000000e+00 7.193853499183961553e+00 5.701366624920083837e+00 3.612099546726252330e-01 9.885389169660570019e+00 7.807375111416742897e+00 3.641337411076030151e+00 7.858224309941078012e+00 7.444745280657075193e-02 7.858420426419206184e-02 1.760617212656077901e-01
1.000000000000000000e+00 8.876343251765851150e+00 4.433571156334555674e+00 6.065942467114275871e-01 8.297264264453623639e+00 7.469141090307883424e+00 4.231220990886455979e+00 6.274664315017862037e+00 9.476828979096101058e-02 3.217786495849171008e-02 1.838622554501314899e-01
1.000000000000000000e+00 9.745815678186124487e+00 9.158448649580003931e+00 2.968410412563327938e+00 1.801134911760413182e+00 5.576541808108790299e+00 2.179594804459084934e+00 8.515148203077446354e+00 8.054861513221386882e-02 9.329846797167822003e-02 2.261531093172952644e-01
1.000000000000000000e+00 8.167800087054885694e+00 7.426798507578235231e+00 9.696436176959702946e-01 5.624059076266449964e+00 3.218264568058740061e+00 4.778889842058681836e+00 3.033613054766676864e+00 8.233137502187318213e-02 5.313311227638662509e-02 1.810584290595338708e-01
1.000000000000000000e+00 7.881606449227058775e+00 8.348365434944799546e+00 1.796370187428223186e+00 7.964002717694399713e+00 6.816597430670897850e+00 3.851759416607135833e+00 5.715630693602424373e+00 3.197555916612369181e-02 3.457918282010265243e-02 1.322182216760749429e-01
1.000000000000000000e+00 8.218003054818211695e+00 6.587187570080212495e+00 1.185148810505809669e+00 4.475334197217990528e+00 6.682667286917362226e+00 2.531971375623563780e+00 1.331960557056042660e+00 7.212115540681127146e-02 3.903589996044205812e-02 2.932248477539268761e-01
1.000000000000000000e+00 7.982242216086394393e+00 7.721595422028540767e+00 7.823299418054413534e-01 4.863045953213747552e+00 6.646500796095439867e+00 2.029435600433506792e+00 1.592652870201770376e+00 3.208009621463489558e-02 1.009540946916504152e-02 4.675973018569876682e-01
1.000000000000000000e+00 8.605587195645350462e+00 9.078982718621787740e+00 2.349513002438485820e+00 4.402714769047731735e+00 2.083563744641977689e+00 5.212150978668441681e+00 9.339703601732249894e+00 7.190917702118032606e-02 4.027073869543951190e-02 1.713896876966473914e-01
1.000000000000000000e+00 9.390741493996813460e+00 6.718043618710282772e+00 9.392184048437606236e-01 8.702342365351157127e+00 6.904772291854404109e+00 5.520339862894187988e+00 9.075599995931634467e+00 9.799884406196771036e-02 3.479155567789755932e-02 3.349319845070165835e-02
1.000000000000000000e+00 9.720652198802724797e+00 9.732850855297378700e+00 8.860155636376769728e-01 4.620864151374763473e+00 5.484685894992847643e+00 3.443897759184023855e+00 6.341862533630044041e+00 6.851599730730421889e-02 7.002042924296374149e-02 3.559668477868488945e-01
1.000000000000000000e+00 8.801000964286052053e+00 5.582149769993622002e+00 1.759144591123631418e+00 8.387091103379658463e+00 4.338730012848918349e+00 3.775204045661658903e+00 6.065299227628933920e+00 2.945938985226085813e-02 5.791214934519366836e-02 3.327944155348466770e-01
1.000000000000000000e+00 9.385853678637582576e+00 7.769223194998154725e+00 1.102746349553582084e+00 7.755543285821014265e+00 2.519218364531196741e+00 6.242761399292076518e+00 7.107779434780812977e+00 4.818311408677305313e-02 3.832509745352211117e-02 3.111412445105730118e-01
1.000000000000000000e+00 9.646633286053608813e+00 7.239718212725152924e+00 2.818753613254322943e+00 7.957276981354407752e+00 9.370374359841164846e+00 3.633582133362458499e+00 7.030452332080666444e+00 1.611451144101736649e-02 1.959223091725865312e-02 1.775265990123904847e-01
1.000000000000000000e+00 8.735461560361580169e+00 6.519880081818619111e+00 7.632795481535005200e-01 4.643280964900219132e+00 7.841420705285899295e+00 3.202859556208871528e+00 3.916531075281831420e+00 5.784488640618266203e-02 1.872306860404599621e-02 1.456912874408286263e-01
1.000000000000000000e+00 7.502574013434308853e+00 7.358584866963866489e+00 1.872942730738379691e+00 5.506898270546997765e+00 7.771224534223162728e+00 2.351245939663788143e+00 6.737656084561785441e+00 4.177850632542255693e-02 7.871845217612802315e-02 2.336528395939641289e-01
1.000000000000000000e+00 9.500807672665580128e+00 7.653908624137003791e+00 2.613608774972585369e+00 3.729246236288875416e+00 3.111196782688719686e+00 5.040048081192148643e+00 4.696208700656605117e+00 6.629137577238165824e-02 2.207685833565260422e-02 4.317463980602201379e-02
1.000000000000000000e+00 8.496392669772555806e+00 6.841694152810577023e+00 6.410008566312981326e-01 5.246274785045565991e+00 3.370619426384237727e+00 3.923427490931517436e+00 2.963053754345565061e+00 6.906743726079861423e-02 4.681578439463921631e-02 3.494210942104009066e-01
1.000000000000000000e+00 7.657813092533015009e+00 6.357536666422370253e+00 8.916228861501965808e-01 7.214625462189204086e+00 9.445402965143980367e+00 3.403376975243061153e+00 6.928749466253657729e+00 6.014244813759573455e-02 5.028816547394649589e-02 4.850327779806607592e-02
1.000000000000000000e+00 9.403978931185546841e+00 9.052068856910775452e+00 2.362218995003686040e+00 2.742752329567811564e+00 2.130590395117596625e+00 5.137986210237656337e+00 1.091927241081517863e+01 1.586790075412995715e-02 4.223597130341813499e-02 5.894458796474582457e-02
1.000000000000000000e+00 7.403888486200442820e+00 9.155872738237537334e+00 2.299675249307232328e+00 8.554333377542551631e+00 7.560887037641191633e+00 3.358372165739520465e+00 5.293662826956313516e+00 1.787302104845810147e-02 2.878046002542039225e-02 1.564770048213970921e-01
1.000000000000000000e+00 8.100315278909249628e+00 8.617052291095323113e+00 2.075804439514656430e+00 2.425504189020173840e+00 8.753439466404460134e+00 1.644304686611748778e+00 5.979375106068622436e+00 4.791940216700431993e-02 6.150802528141582903e-02 2.439719089816919650e-01
1.000000000000000000e+00 7.453453882523112028e+00 7.913189690304930579e+00 1.027448659655860741e+00 9.524083669569623822e+00 5.268102468779409797e+00 4.196879716569059227e+00 2.524423913347902726e+00 4.632697029934916555e-02 5.281556382283711382e-02 2.113736832032144797e-01
1.000000000000000000e+00 7.931208855228252474e+00 7.839417412084527470e+00 1.043096141831618029e+00 6.103795258825179815e+00 2.471548480649396140e+00 5.040476424409698453e+00 2.319869234961783100e+00 4.619921488296802048e-02 6.076040595830549396e-02 2.359011079889820894e-01
1.000000000000000000e+00 7.059163877504411211e+00 8.032464204547668629e+00 6.455839553410835929e-01 9.740126644087386154e+00 9.966872270302003400e+00 2.061489716474520950e+00 4.238329200726215440e+00 6.085628059725702727e-02 7.389497094910456310e-02 4.258119149903890066e-01
1.000000000000000000e+00 7.404011197161739055e+00 9.480384686218529922e+00 1.029955669928065198e+00 7.442383595539688201e+00 5.668706549517695592e+00 3.692511036127712032e+00 1.054024062305769860e+01 9.739198458573067319e-02 6.902806361465135820e-02 1.974154372378736644e-01
1.000000000000000000e+00 9.190371061321437551e+00 4.183224713538510109e+00 8.650148495497583800e-01 7.559269822865216426e+00 5.334603560993720350e+00 4.257070160344768261e+00 5.952475271470458296e+00 6.598181610073645953e-02 3.235687051806832026e-02 2.782894845995361743e-01
1.000000000000000000e+00 7.093264164888999801e+00 6.908385138530823255e+00 1.858653265386900566e+00 8.476590200267724029e+00 9.489520802670034172e+00 3.456365731836444244e+00 1.033241680940610507e+01 4.932456830646914092e-02 6.450522405275835314e-02 4.910681592766655279e-03
1.000000000000000000e+00 9.740066731659373644e+00 7.010539313783541893e+00 2.779401065064130427e-01 9.917958355576582008e+00 9.250861939866815931e+00 4.284590246828900106e+00 3.359890316919125208e+00 7.110579383488968563e-02 1.675241845647459232e-02 3.275304005240615712e-01
1.000000000000000000e+00 7.120252872028826729e+00 5.701013506592487623e+00 1.682418129773001203e+00 6.480569043967832066e+00 3.298845517828085327e+00 4.923964834809281044e+00 1.021039072379437052e+01 9.686748135116686476e-02 5.854167646189981783e-02 2.328731528061429856e-02
1.000000000000000000e+00 6.886913792952481295e+00 9.725227877099984042e+00 9.114235122180796012e-01 5.030955487117549474e+00 9.580487920417851910e+00 2.557976912438770789e+00 1.075931223912189516e+01 3.579694206204367402e-02 7.550378278011904420e-02 5.534330603290128769e-02
1.000000000000000000e+00 8.281647746944802435e+00 5.797011369404609482e+00 6.924039605877001513e-01 9.666126420115723761e+00 8.130914515934467346e+00 4.712611872471748953e+00 1.078156235488525638e+01 6.034707228158799064e-02 7.484229872747608092e-02 3.678258586989965884e-02
1.000000000000000000e+00 9.775402411899404953e+00 8.981008322872618521e+00 1.592330275606648637e+00 7.666667823134197590e+00 7.363831923696467996e+00 4.582545955973127860e+00 8.491904048615671385e+00 4.441481175443510315e-02 3.498208712409039273e-02 1.639523637101337750e-01
1.000000000000000000e+00 6.797751484216334461e+00 5.322199490230634211e+00 7.806265637499841814e-01 7.092904921407050089e+00 3.430038461131815097e+00 4.586037399560671801e+00 5.692474662172888777e+00 8.071654818501902695e-02 1.830744668515926765e-02 9.688563976426554925e-02
1.000000000000000000e+00 7.467725138089759795e+00 9.145785201128726172e+00 2.010008691097830091e+00 5.031374488387626798e+00 9.154192685275596375e+00 2.056267223208599226e+00 1.607000463253184019e+00 6.104573551346094418e-02 4.199519193906623565e-02 2.583149955766233519e-01
1.000000000000000000e+00 8.186043842764505030e+00 9.807405033220483404e+00 1.528195452882604943e+00 8.680212490078394794e+00 6.182002538300246819e+00 4.226888671346332949e+00 6.632929975782575482e+00 7.564764624307743213e-02 7.235802597298574002e-02 1.809443026691769374e-01
1.000000000000000000e+00 7.928726675241865252e+00 7.196637988213996806e+00 1.153199949906870581e+00 8.238476457027685385e+00 2.090464316424945679e+00 5.232726917648172105e+00 6.974276629030992325e+00 3.787577255509103069e-02 7.781495662157567050e-02 3.314893453026153680e-01
1.000000000000000000e+00 7.268345729800190114e+00 4.486310654011393950e+00 1.359511670498757097e+00 9.323278327764986884e+00 6.547927109998315842e+00 4.286798106563345812e+00 7.296779353892929088e+00 6.111646830236624334e-02 7.385503012714306204e-02 2.967794339552520810e-02
1.000000000000000000e+00 7.886572152296444038e+00 6.401592014137402309e+00 1.881695929406034473e+00 7.349045752814825860e+00 6.198339237403221347e+00 3.386270381792090944e+00 2.517506267709379131e+00 2.260278419174003434e-02 5.230420479806083961e-02 1.888576382338600645e-01
1.000000000000000000e+00 9.044563621552679678e+00 7.006429816390663312e+00 1.690336876431696389e+00 3.344086054050729118e+00 6.297122790226946876e+00 2.245622675154120174e+00 8.167165943939300732e+00 4.230971970593075393e-02 9.446711785638060854e-02 3.374418269040656559e-01
1.000000000000000000e+00 9.081253099595157252e+00 7.982584111792659698e+00 1.338455283352658176e+00 1.413942948843587954e+00 4.707729946741575411e+00 2.653660640069515964e+00 8.434876104352586168e+00 7.139498054264167837e-02 2.931679539078712454e-02 6.768433592351560946e-03
1.000000000000000000e+00 8.306028588823465952e+00 8.703687572259061866e+00 1.968967544008652037e+00 4.690345644851712237e+00 3.484768461612175017e+00 3.547344479176270493e+00 8.214616004063522325e+00 5.927515103356315040e-02 4.995283924367037443e-02 2.741186649164314426e-01
1.000000000000000000e+00 8.544494029496563670e+00 5.736966731125685115e+00 1.259500184601892059e+00 9.545228793844678705e+00 4.507010644758649320e+00 5.473294321515862926e+00 5.910043947313352142e+00 7.693864418880749789e-02 6.098647116383509176e-02 1.565285909251795671e-01
1.000000000000000000e+00 7.651853433529437254e+00 7.748034714527337385e+00 2.564050294446057698e+00 5.790462196501612091e+00 4.697103156840890748e+00 4.284100017224878876e+00 1.484101635789383256e+00 6.416712257131851338e-02 5.836594859357426002e-02 1.540896424588142355e-03
1.000000000000000000e+00 9.871402861071926438e+00 6.343566847229780592e+00 1.616001704547325390e+00 6.959375432145045615e+00 4.678010616368525554e+00 6.107712275176477412e+00 1.313721888306637720e+00 4.618775258155231184e-02 6.003129951144139248e-02 2.135332364761823032e-02
1.000000000000000000e+00 9.490916418621017314e+00 7.452713880756676623e+00 1.898568098755937239e+00 8.928158408001179325e+00 5.553370212137884288e+00 4.839620160968991947e+00 2.298061064152683741e+00 6.187693237101368066e-02 9.940687488724114784e-02 2.298854478577558036e-01
1.000000000000000000e+00 8.765092346272860269e+00 9.306501743268359661e+00 1.633897070298382381e+00 9.111996610399309304e+00 8.259398595463631310e+00 3.618547811486474419e+00 4.838229911299540831e+00 6.441993384274925794e-02 6.227584168573182394e-02 2.735777006520315746e-01
1.000000000000000000e+00 9.618346172157981044e+00 4.528330542764993361e+00 1.246804855833522518e+00 5.923007135713352689e+00 6.798478697956470640e+00 4.055230372440360220e+00 5.269270726524721837e+00 5.682207637087462182e-02 6.428803245995598492e-02 1.292310259982647480e-01
1.000000000000000000e+00 9.944439420660009077e+00 7.854022004115712718e+00 1.088822018931186797e+00 4.919529367200009773e+00 4.969412272103395978e+00 4.897771761989241135e+00 1.076500808297423539e+01 2.157745293327669595e-02 7.795763578621367484e-02 9.544743982740445942e-02
1.000000000000000000e+00 8.549683761470735277e+00 9.642767955140369551e+00 1.920015405083537630e+00 6.469209307450213942e+00 2.713952885998815567e+00 5.266877942902260301e+00 1.064307841588543635e+00 7.743408093073579634e-02 6.044137854075704724e-02 2.276462117775530092e-01
1.000000000000000000e+00 7.358396508736454678e+00 8.580730845767281068e+00 6.443374560892567438e-01 5.333392074979943942e+00 6.448349268049510918e+00 3.321115218852775719e+00 5.640924758514488602e+00 2.288319651191169507e-02 4.473073016513057221e-02 9.795005203955427231e-02
1.000000000000000000e+00 8.027970042738761691e+00 9.971333300522999821e+00 1.978794428559015550e+00 7.559629535733757066e+00 6.222698115278637587e+00 3.105583757189935401e+00 5.938366082665316625e+00 8.060702855354937024e-02 1.254073519992814946e-02 3.158865223154420643e-01
1.000000000000000000e+00 6.720210650947277209e+00 4.307585222716287632e+00 6.368809650687926593e-01 5.474711458973782641e+00 9.886656897807981181e+00 1.681422516720332716e+00 1.005079748807971640e+01 5.842305655359713440e-02 5.900045351598355581e-02 3.044853644077987198e-01
1.000000000000000000e+00 8.504116156437172336e+00 9.859921867993561406e+00 1.268289873362710152e+00 5.366306836478335285e+00 8.287678800294385084e+00 2.213025917947737398e+00 7.201684618746013733e+00 4.968584723421519411e-02 5.263689157292426868e-02 4.195907846901968385e-01
1.000000000000000000e+00 5.184329836835683381e+00 8.404362370869886689e+00 1.097458667262779741e+00 6.119861223744309520e+00 5.482298160010553367e+00 2.040975899515928393e+00 7.138833883469383856e+00 9.983465824903661745e-02 8.038806747703261535e-02 2.020027705907675442e-01
1.000000000000000000e+00 8.630930294595700047e+00 6.038308557106486951e+00 8.096999470158480205e-01 5.456307895165956268e+00 9.639585966948807538e+00 2.605510691217062025e+00 8.140854423220751812e+00 6.494034347585422862e-02 2.928397459196716013e-02 2.833082270586606555e-01
1.000000000000000000e+00 8.132026540055765196e+00 7.721791373016985816e+00 1.882154976551212222e+00 8.333070507254422665e+00 8.009325614803305626e+00 3.945356995942396860e+00 8.553195258660997169e+00 1.645455644941954537e-02 4.730517232664332994e-02 8.060031450778201711e-02
1.000000000000000000e+00 6.978489931728523388e+00 8.299921877088626943e+00 2.883292714436065385e+00 6.891387265257710837e+00 6.510753257601356481e+00 3.443625506448812601e+00 1.043969710286837582e+01 3.204880292291595323e-02 8.703311974663258122e-02 3.493331840435023872e-02
1.000000000000000000e+00 8.138576401544700190e+00 2.461445480150340259e+00 2.869221522388776258e-01 8.982180975559842295e+00 4.838732276648940456e+00 6.019674015922849009e+00 9.620470744383574413e+00 7.506253282375303926e-02 3.149162045668833787e-02 6.006692969671819510e-03
1.000000000000000000e+00 9.778779769317230475e+00 8.766191433402548583e+00 3.213329984750758150e+00 9.104415071132999415e+00 4.576349571751741507e+00 6.743795163261465220e+00 2.088571425366246181e+00 6.021783348754258108e-02 9.565973729751217625e-02 2.379900371893719016e-02
1.000000000000000000e+00 8.344601376498300027e+00 6.581849847147954513e+00 7.182591625005606550e-01 6.747131121076010096e+00 6.134860223907948829e+00 4.481611870133590969e+00 3.269928874959581844e+00 2.220139718465485162e-02 5.205640416005660048e-02 6.847521840609389898e-02
1.000000000000000000e+00 9.625592088308724925e+00 8.366125706874193213e+00 2.447710981612663872e+00 3.064469023392192071e+00 1.908584998934704346e+00 4.871115777364519062e+00 6.531018569605516966e+00 1.535850150599274953e-02 6.119843538874504552e-02 2.024570416692504649e-01
1.000000000000000000e+00 6.357362432816751507e+00 6.554443171061863360e+00 2.099694162356544158e+00 5.514547150593243074e+00 8.290249082838771599e+00 2.052350850752326039e+00 9.017316176503435088e+00 7.753892161871928090e-02 7.879887429531186316e-02 1.506372465889868617e-01
1.000000000000000000e+00 8.132490711778215697e+00 9.110986819679196103e+00 1.385020020625804760e+00 8.550759933421971937e+00 6.287329462647998746e+00 3.700451055722818516e+00 5.835880693578292977e+00 5.161738264670211185e-02 6.084734839247853133e-02 2.813662527626990539e-01
1.000000000000000000e+00 7.995842942212018301e+00 8.875896312238081620e+00 3.185549133923296083e-01 9.742433208592185423e+00 4.712693853669128075e+00 4.511206296367259228e+00 3.613242017936062922e+00 6.364045446386265570e-02 9.033878752924706657e-02 3.129499959053878566e-01
1.000000000000000000e+00 7.142900810785361543e+00 9.058269398217188240e+00 1.037824568913116252e+00 9.397201528819415728e+00 5.670479309586147210e+00 2.287245426641739243e+00 1.552213741692164195e+00 8.008636094132845495e-02 1.287038549463340870e-02 4.647464424274110328e-01
1.000000000000000000e+00 7.119208469846743270e+00 6.234519042126330568e+00 1.098153670240487934e+00 6.870274157979169516e+00 2.308495170852759237e+00 6.415930224980939123e+00 7.949436223920340439e+00 9.109547996747519027e-02 7.491877977062082195e-02 1.191490245348900134e-02
1.000000000000000000e+00 6.258218670246976423e+00 5.360249998570717267e+00 1.179702508509894887e+00 9.895896523145975010e+00 9.125752095885479420e+00 2.965662888540687270e+00 6.091864585045781766e+00 4.000619599399239668e-02 9.425787813092589840e-02 1.015654870809505200e-01
1.000000000000000000e+00 8.040354565368508233e+00 6.713127124126517131e+00 1.312220581227931726e+00 6.286090406876764902e+00 5.053868081233781950e+00 2.764990105126435616e+00 6.637905620684547259e+00 1.571366851065883474e-02 4.429426682352005651e-02 3.827199182206112438e-01
1.000000000000000000e+00 8.028584068543295871e+00 7.245044946372089179e+00 2.592724750337517925e+00 5.114947492022627884e+00 6.967604566932209309e+00 3.262745596611077659e+00 7.720113174145755153e+00 3.528003339653515424e-02 6.044046505317479667e-02 5.004962425468881260e-02
1.000000000000000000e+00 7.051291686968699679e+00 7.327319446665446989e+00 1.784385506063272508e+00 5.947553863779239336e+00 5.683726379796357087e+00 3.342174818751774357e+00 1.789059886076348693e+00 4.667197978767344962e-02 5.247796382751170052e-02 9.219865308272467974e-02
1.000000000000000000e+00 4.422839355971431630e+00 6.267957465069256884e+00 7.491133689437320387e-01 6.690075582779132723e+00 6.959586920970083135e+00 1.979510153792502170e+00 8.293014166143723997e+00 6.643249301408915564e-02 6.580396129796685367e-02 9.355105350694219168e-02
1.000000000000000000e+00 8.548574669589799058e+00 5.649339921791346697e+00 9.767815619591595500e-01 8.914802536833455804e+00 3.883391198417836421e+00 5.636737578823680650e+00 4.294581117375015467e+00 2.278827851775067082e-02 4.494795168159432253e-02 1.742147065474222711e-01
1.000000000000000000e+00 9.118969380093961519e+00 8.199187466431853366e+00 1.327731902579231571e+00 3.405688290228911175e+00 2.568193387802179206e+00 4.490399311055746523e+00 7.214493439099721073e+00 3.606515754838049426e-02 3.343725554761449448e-02 1.931355436716853113e-01
1.000000000000000000e+00 7.554152829849332562e+00 6.296652923278589498e+00 1.375405537986521320e+00 6.498053110176916114e+00 4.867207154977117867e+00 3.662419595955733076e+00 4.136867404612934784e+00 4.468023572673471971e-02 7.093323869166934248e-02 1.736586997437001012e-01
1.000000000000000000e+00 9.443586563453592930e+00 8.127199563093142842e+00 1.568513837965702429e+00 8.072120833322676603e+00 2.899049776436009473e+00 7.679724265704366282e+00 7.318845390648995419e+00 8.121018652790135128e-02 3.003803579652583253e-02 8.162393014547912606e-02
1.000000000000000000e+00 9.316604532343511380e+00 4.764864356149642433e+00 6.849799343626037373e-01 8.110625242168927329e+00 4.550220886564271261e+00 4.004976574845938941e+00 1.057784426339968498e+00 1.987583175872104785e-02 8.006053653829572903e-02 4.528690323776064508e-01
1.000000000000000000e+00 7.288365097609245780e+00 8.436335768731538565e+00 1.420017953506269137e+00 7.838461395020654976e+00 9.545169766623795127e+00 3.354425719383264060e+00 6.206278857807538962e+00 4.154603717067057583e-02 5.758718939440345130e-02 5.137113824159394299e-02
1.000000000000000000e+00 8.258422036331809934e+00 6.100998528769601137e+00 1.811000474468341448e+00 6.137950078855918257e+00 3.608107571550813741e+00 4.589048361449297175e+00 4.333739865592750817e+00 8.089012115163798922e-02 4.346690697202659770e-02 1.439310854244510995e-01
1.000000000000000000e+00 9.500538351056238895e+00 8.990173896187094726e+00 8.994728284228156179e-01 9.033551667612584879e+00 3.515074618155456854e+00 5.891807212639369240e+00 9.567226296089913262e+00 2.176084324033488934e-02 6.714745709822669828e-02 3.475245312457400093e-01
1.000000000000000000e+00 9.943441023393086553e+00 6.516678090153791736e+00 2.745466031868475376e+00 9.957256276440702436e+00 5.305902720975505638e+00 6.327758968738105949e+00 1.002353214160347505e+01 3.890088928036083277e-02 9.483309799770253679e-02 5.143981571256309865e-02
1.000000000000000000e+00 9.420191065694876187e+00 4.499650863661752709e+00 1.775577052400470368e+00 9.356137999086156398e+00 4.517620498343331903e+00 6.594810113249364392e+00 7.998117943010804254e+00 7.096030612914933089e-02 7.283032624219751283e-02 1.860382970797305746e-02
1.000000000000000000e+00 8.906012772782471387e+00 6.249726098153388421e+00 1.779125311092311312e+00 6.579786964282996031e+00 8.036017047421205817e+00 3.586786698454227373e+00 8.136002109009211836e+00 8.361715337928879443e-02 6.901521342487799970e-02 1.321134159566280386e-01
1.000000000000000000e+00 9.293495083596615913e+00 3.427963264317934744e+00 2.656986911355975756e-01 5.387593479124438645e+00 9.183188496247492338e+00 3.325131240849451775e+00 1.050121393462708852e+01 3.782774455729537993e-02 2.368419731589187227e-02 1.836779159357900815e-01
1.000000000000000000e+00 9.850571609102345860e+00 7.464313508331888336e+00 1.858404580907222048e+00 9.764519309203736341e+00 4.857022654031959874e+00 5.752784300848636789e+00 5.948160139158352067e+00 2.656531502370043651e-02 5.551619148558905453e-02 2.306830678773875987e-01
1.000000000000000000e+00 7.548794557242510805e+00 9.347111877412828562e+00 1.979273521330423335e+00 3.885177988450770670e+00 4.058753614467752513e+00 2.585578015100983951e+00 4.051200839164637912e+00 1.342579817131803535e-02 7.349715691154887209e-02 2.733709735396691043e-01
1.000000000000000000e+00 8.182037637881183656e+00 5.976547382708401912e+00 6.816843135668149145e-01 4.760467985670147506e+00 7.052434638411233081e+00 3.299961137155101643e+00 7.337078651089671055e+00 2.059758615823160943e-02 7.561387575774879133e-02 1.059745740575785689e-01
1.000000000000000000e+00 9.794916802927604138e+00 9.634295251513027125e+00 2.460298889228230923e+00 6.122147557603897283e+00 3.734269896189704507e+00 5.288108522172066728e+00 8.704212815908114464e+00 9.941374060827293246e-02 4.998487876280567621e-02 1.958973038740431105e-01
1.000000000000000000e+00 8.423036755032516254e+00 9.457754508252268266e+00 2.097237073653386297e+00 8.154196619958174352e+00 7.222742088607400746e+00 3.581011321747410214e+00 9.051930814826881999e+00 7.511542076374719268e-02 2.195123472094163281e-02 2.333348181682877998e-01
1.000000000000000000e+00 8.942873346180096661e+00 9.598267982427643119e+00 2.283736244193304454e+00 8.552173366255487963e+00 5.967194482048292947e+00 4.613003101172704845e+00 3.435932649642048364e+00 3.168700071010040892e-02 5.330367201374332231e-02 1.847073690934204759e-01
1.000000000000000000e+00 8.813479180214018882e+00 7.950705923555080545e+00 1.364765948056876566e+00 3.703751049743940094e+00 4.774804908030382933e+00 3.390036789392714134e+00 8.639736485537852673e+00 5.336236419206143167e-02 7.974231709709467264e-02 1.835738685396399728e-01
1.000000000000000000e+00 8.753408572232077134e+00 3.653768035899500166e+00 7.379179027312771089e-01 4.561341767918216661e+00 3.297661013438535349e+00 5.182138286878080535e+00 7.339221340985782049e+00 5.186948239999854965e-02 3.795115950109290148e-02 4.529386105606965363e-02
