1.364305811247718339e-02
5.119870068211598152e-03
1.715081993229695956e-02
5.355697668420609202e-03
3.254866518448679309e-03
6.923094977934510577e-03
4.979097126329693271e-03
4.608898119330965409e-03
4.256074274410908374e-03
6.385388125626124609e-03
8.985240475531605653e-03
3.204887367068916942e-02
4.891544998477109427e-03
2.957388474067302372e-03
7.888101291173977084e-03
2.625321975723170220e-02
8.941327060123396495e-03
1.118143595048188589e-02
5.287416679953611288e-03
4.006466946275825253e-03
5.788216191650671569e-03
1.352930868204501799e-02
6.111984799098345647e-03
3.031868802638471808e-03
1.221167049958061732e-02
5.748541538000946985e-03
4.014538919529442827e-03
3.137996121793999726e-02
6.548327999708193452e-03
8.055738633126039230e-03
4.056649091766811009e-03
5.013071894118246476e-03
1.631750001720802881e-02
8.808604176154687451e-03
4.783199336712244155e-03
8.156744552125717168e-03
1.787619156108074744e-02
1.094777057912857399e-02
1.574728040969328863e-02
8.253840335044618920e-03
4.430851640809967996e-03
8.833903900966177253e-03
9.378089384259118491e-03
3.577047924760162409e-03
5.109916704085907570e-03
4.794667276618010468e-03
4.447825182105517167e-03
1.028436553218492304e-02
1.740596420461397800e-02
3.364310864172904807e-03
3.836349858873109100e-03
8.068763254748536132e-03
9.334606862806720667e-03
8.268021703937174574e-03
4.495061514991412210e-03
3.226006183031534819e-03
9.105851882748207740e-03
1.090573697529532288e-02
3.558019198810561268e-03
6.982371239146424255e-03
1.410619047874149719e-02
7.601018629611991199e-03
1.464892841378984817e-02
6.313011955672184067e-03
5.507159224684662555e-03
1.130002131548255885e-02
3.495746710161629078e-02
5.234499894738367520e-02
4.385308207454375815e-03
1.281937142213577727e-02
7.619475112571908078e-03
2.266018828604115295e-03
7.533757645628110303e-03
3.553972943752774227e-02
1.328542177493328980e-02
1.428656836336313594e-02
5.398148234417970460e-03
4.247168012940656309e-03
4.073516669033432937e-03
1.871823223652134549e-02
6.312603585966127147e-03
7.398641397777790812e-03
2.617187909739047101e-03
1.902092475038019356e-02
3.313168092510632851e-02
4.487604311225447395e-03
4.109045933287679316e-03
1.112898837574291706e-02
2.270173979711946968e-02
1.257010418192586708e-02
4.539727404115810605e-03
2.224790454849385340e-02
3.890838488050030273e-03
9.217372838776332830e-03
4.633558054806392358e-03
1.054809452195771581e-02
6.383345067287841436e-03
4.329672251265738805e-03
4.382966310461290649e-03
9.489866581590247763e-03
