1.000000000000000000e+00 3.230138136174312558e-01 1.229661443575346880e+01 1.075853024405895697e+00 1.248242798182195717e-01 3.838217812269359097e+00 9.022650248788922411e+00 8.874393827063045137e+00 7.594488150875618182e-02 8.982657699184808109e-02 3.821391498182873381e-01
1.000000000000000000e+00 3.250321376220360325e-01 1.238493536012986063e+01 1.078787143945566518e+00 1.134768136019249363e-01 3.855041733089275890e+00 9.064668136563728496e+00 9.255341118314062143e+00 7.377034708814658726e-02 8.972367484859782027e-02 3.736284379563398206e-01
1.000000000000000000e+00 3.160174087763155115e-01 1.270004892183236755e+01 1.092017355222336672e+00 1.744744892101667277e-01 6.278341134668636414e+00 6.319553739826014649e+00 9.199358583256078248e+00 6.571846943515226303e-02 8.875575246879922886e-02 3.757612484079091986e-01
1.000000000000000000e+00 3.150475906278613070e-01 1.227860394134476252e+01 1.081185900341816275e+00 2.336065423112286266e-01 4.516251282367118591e+00 8.417296294164204440e+00 1.104173750610221028e+01 6.594526840861192341e-02 8.941132022250214417e-02 3.587740948889780457e-01
1.000000000000000000e+00 3.157496969503615358e-01 1.265105414946571472e+01 1.097733469590562505e+00 2.833585541373608852e-01 5.174894674649903159e+00 7.381517785367325502e+00 8.543240252587906980e+00 6.643756267993465581e-02 8.912498513643173081e-02 3.751065272688201002e-01
1.000000000000000000e+00 3.230899410023525542e-01 1.240785730694332756e+01 1.076853873013281060e+00 1.765879724929669825e-01 4.290990672974146491e+00 6.395843026540966925e+00 1.135259137266175244e+01 6.746239012318031025e-02 8.895734416548081724e-02 3.671703646873906157e-01
1.000000000000000000e+00 3.231928199749969921e-01 1.238947940211399512e+01 1.074303494483896948e+00 2.161139584460565199e-01 4.857174378806352166e+00 8.111929416778522750e+00 9.931000379319568694e+00 7.181728438461010278e-02 8.931618050129998265e-02 3.557617137500493354e-01
1.000000000000000000e+00 3.219573465221546860e-01 1.223949660200150191e+01 1.073103558812764424e+00 1.064227033894300234e-01 2.912177480751453107e+00 9.765975913198634117e+00 9.392271857038313243e+00 7.378748664117339151e-02 8.959575458210690402e-02 3.786201855453681930e-01
1.000000000000000000e+00 3.172617783541856751e-01 1.292532130704280924e+01 1.099427513116914890e+00 2.089639590351873299e-01 6.025007928375758937e+00 5.476401340115530481e+00 8.966382307752418512e+00 6.566510216868243210e-02 8.863933937789043871e-02 3.787495665953164448e-01
1.000000000000000000e+00 3.235976811948516607e-01 1.251783891263200665e+01 1.072404007083388455e+00 1.504831807989192027e-01 3.479480270427322885e+00 8.241794423705590233e+00 8.432866987727340558e+00 7.043245045189162890e-02 8.983736012435654394e-02 3.603473781235416729e-01
