1.964108362507461436e+01 6.966021322822364573e-05
1.964108362520877549e+01 6.966021232190623908e-05
1.964108362502974714e+01 6.966021338335721502e-05
1.964108362504149241e+01 6.966021335704946943e-05
1.964108362495230509e+01 6.966021175877230832e-05
1.964108362503612781e+01 6.966021345654652662e-05
1.964108362505236016e+01 6.966021334002452732e-05
1.964108362504709149e+01 6.966021335967089410e-05
1.964108362505291794e+01 6.966021332104963405e-05
1.964108362507977290e+01 6.966021312332749211e-05
1.964108362517719897e+01 6.966021259540915265e-05
1.964108362515454331e+01 6.966021276298384700e-05
1.964108362506767236e+01 6.966021328178758341e-05
1.964108362508195782e+01 6.966021318225156271e-05
1.964108362505102789e+01 6.966021337269952122e-05
1.964108362503893801e+01 6.966021345988998928e-05
1.964108362504353877e+01 6.966021343576582687e-05
1.964108362504075345e+01 6.966021343094054444e-05
1.964108362503434080e+01 6.966021348012181168e-05
1.964108362504455130e+01 6.966021342242381112e-05
1.964108362513694317e+01 6.966021287641180435e-05
1.964108362520726558e+01 6.966021241119424532e-05
1.964108362507417382e+01 6.966021323749369627e-05
1.964108362526233620e+01 6.966021205182075786e-05
1.964108362507414540e+01 6.966021321865851601e-05
1.964108362505030314e+01 6.966021337653105104e-05
1.964108362524065399e+01 6.966021210101204042e-05
1.964108362507533556e+01 6.966021318070806539e-05
1.964108362504256888e+01 6.966021339689579663e-05
1.964108362521412943e+01 6.966021234060308870e-05
1.964108362520115492e+01 6.966021244642719740e-05
1.964108362522381768e+01 6.966021226563008835e-05
1.964108362506301475e+01 6.966021327100657516e-05
1.964108362526941676e+01 6.966021208058317783e-05
1.964108362505356098e+01 6.966021336755994213e-05
1.964108362517975337e+01 6.966021257209726095e-05
1.964108362504734373e+01 6.966021339080698499e-05
1.964108362509215411e+01 6.966021313629066052e-05
1.964108362513557182e+01 6.966021279456744233e-05
1.964108362526625839e+01 6.966021200558829014e-05
1.964108362506938477e+01 6.966021326330803501e-05
1.964108362506953398e+01 6.966021328319505401e-05
1.964108362519110074e+01 6.966021250674656843e-05
1.964108362506414451e+01 6.966021331304991608e-05
1.964108362519615980e+01 6.966021251099216861e-05
1.964108362523974805e+01 6.966021220493894440e-05
1.964108362504008909e+01 6.966021342777829262e-05
1.964108362520963880e+01 6.966021234418724424e-05
1.964108362506961569e+01 6.966021327129154415e-05
1.964108362508469341e+01 6.966021313814925410e-05
1.964108362520340378e+01 6.966021246443861441e-05
1.964108362505626815e+01 6.966021331112850655e-05
1.964108362514722472e+01 6.966021278482566897e-05
1.964108362518817685e+01 6.966021256002551002e-05
1.964108362508872219e+01 6.966021315322466518e-05
1.964108362526853568e+01 6.966021208964905955e-05
1.964108362525773543e+01 6.966021212914480997e-05
1.964108362528551410e+01 6.966021193441764101e-05
1.964108362515728956e+01 6.966021267471953090e-05
1.964108362506415162e+01 6.966021325964252364e-05
1.964108362507192851e+01 6.966021323158329010e-05
1.964108362505388783e+01 6.966021335876164150e-05
1.964108362504790506e+01 6.966021339612815438e-05
1.964108362507700889e+01 6.966021323634830444e-05
1.964108362512559225e+01 6.966021293914020484e-05
1.964108362527087337e+01 6.966021201951410810e-05
1.964108362520806850e+01 6.966021239905730673e-05
1.964108362525451312e+01 6.966021211438628408e-05
1.964108362528147111e+01 6.966021189172472746e-05
1.964108362505717764e+01 6.966021332361127852e-05
1.964108362504724425e+01 6.966021339700593801e-05
1.964108362506048877e+01 6.966021333948722383e-05
1.964108362528222074e+01 6.966021185573062480e-05
1.964108362506184235e+01 6.966021332821160255e-05
1.964108362507606387e+01 6.966021319451083996e-05
1.964108362508496342e+01 6.966021318503579389e-05
1.964108362526386387e+01 6.966021201855487378e-05
1.964108362522878792e+01 6.966021227155227166e-05
1.964108362526158302e+01 6.966021211727444959e-05
1.964108362506233973e+01 6.966021327295054966e-05
1.964108362529500695e+01 6.966021194311748253e-05
1.964108362504918759e+01 6.966021340387591732e-05
1.964108362505012195e+01 6.966021339285576118e-05
1.964108362504480354e+01 6.966021343352673254e-05
1.964108362506284067e+01 6.966021332444169607e-05
1.964108362505831451e+01 6.966021332430358227e-05
1.964108362527336737e+01 6.966021205113799510e-05
1.964108362525551144e+01 6.966021215456018941e-05
1.964108362526790330e+01 6.966021203299393950e-05
1.964108362525749740e+01 6.966021209164666140e-05
1.964108362533728069e+01 6.966021156986765739e-05
1.964108362505731975e+01 6.966021333269399249e-05
1.964108362519446516e+01 6.966021248722487134e-05
1.964108362519390383e+01 6.966021248772521709e-05
1.964108362507309025e+01 6.966021322205949559e-05
1.964108362505843175e+01 6.966021330755138477e-05
1.964108362525763951e+01 6.966021214435723710e-05
1.964108362512619976e+01 6.966021289476597832e-05
1.964108362522776829e+01 6.966021227528584382e-05
