1.857510299531041298e+01 1.698488519186368111e-03
1.857510299532385289e+01 1.698488518521375527e-03
1.857510299521543118e+01 1.698488519140593095e-03
1.857510299526224529e+01 1.698488518237280514e-03
1.857510299519658048e+01 1.698488521618873913e-03
1.857510299529233322e+01 1.698488519650115857e-03
1.857510299528352604e+01 1.698488519812732956e-03
1.857510299529338127e+01 1.698488519015165432e-03
1.857510299528718534e+01 1.698488519695074252e-03
1.857510299526592590e+01 1.698488519804829773e-03
1.857510299531528375e+01 1.698488519091948196e-03
1.857510299531738696e+01 1.698488518975974993e-03
1.857510299529547027e+01 1.698488519730524194e-03
1.857510299530890308e+01 1.698488519251905096e-03
1.857510299532204101e+01 1.698488518755517226e-03
1.857510299530042985e+01 1.698488519400836094e-03
1.857510299529053555e+01 1.698488519868239554e-03
1.857510299529139530e+01 1.698488519776344312e-03
1.857510299530084907e+01 1.698488519106737364e-03
1.857510299530844122e+01 1.698488519035139688e-03
4.293561337100729874e-02 2.618715655747786641e+01
1.857510299531131182e+01 1.698488519256543964e-03
1.857510299529104358e+01 1.698488519949195195e-03
1.857510299530333953e+01 1.698488519501903469e-03
1.857510299531530151e+01 1.698488519000053605e-03
1.857510299529330311e+01 1.698488519829295445e-03
1.857510299531320896e+01 1.698488519071048681e-03
1.857510299528725284e+01 1.698488520026270477e-03
1.857510299531534770e+01 1.698488518856696491e-03
1.857510299529918285e+01 1.698488519559202469e-03
4.293561336923136518e-02 2.618715655747337578e+01
4.293561336727013539e-02 2.618715655751922355e+01
1.857510299529771558e+01 1.698488519714950930e-03
1.857510299532962605e+01 1.698488518566036200e-03
1.857510299540568965e+01 1.698488515774692871e-03
1.857510299531404385e+01 1.698488519110874029e-03
1.857510299532739495e+01 1.698488518570759201e-03
1.857510299533515052e+01 1.698488518290342886e-03
1.857510299530099118e+01 1.698488519513172666e-03
1.857510299531210407e+01 1.698488519057175664e-03
4.293561336974097142e-02 2.618715655749164739e+01
4.293561336801294398e-02 2.618715655751073612e+01
1.857510299542413890e+01 1.698488515162544085e-03
1.857510299528863484e+01 1.698488520022648158e-03
1.857510299529129583e+01 1.698488519903217434e-03
1.857510299531131537e+01 1.698488519216921145e-03
1.857510299531141840e+01 1.698488519200615178e-03
1.857510299531409359e+01 1.698488519067286717e-03
1.857510299530504483e+01 1.698488519400154348e-03
1.857510299535764631e+01 1.698488517432736799e-03
4.293561337518034954e-02 2.618715655739121928e+01
4.293561336988942906e-02 2.618715655749009485e+01
1.857510299531224618e+01 1.698488519175637979e-03
1.857510299544933829e+01 1.698488514345357489e-03
1.857510299529083042e+01 1.698488519958258258e-03
1.857510299529529618e+01 1.698488519799588739e-03
1.857510299540633980e+01 1.698488515793540642e-03
1.857510299528952658e+01 1.698488519989156936e-03
1.857510299529011633e+01 1.698488519966163176e-03
1.857510299531812592e+01 1.698488518934285901e-03
4.293561337077532458e-02 2.618715655747941895e+01
4.293561337042993420e-02 2.618715655748419024e+01
1.857510299530531839e+01 1.698488519445413066e-03
1.857510299529656450e+01 1.698488519757467485e-03
1.857510299533260678e+01 1.698488518443230788e-03
1.857510299530361664e+01 1.698488519481448477e-03
1.857510299528903275e+01 1.698488520004687264e-03
1.857510299532364684e+01 1.698488518772533996e-03
1.857510299530850872e+01 1.698488519305701473e-03
1.857510299530071407e+01 1.698488519587270729e-03
4.293561337071077899e-02 2.618715655747558912e+01
4.293561337047273330e-02 2.618715655748379945e+01
4.293561336859986338e-02 2.618715655750500915e+01
1.857510299549706190e+01 1.698488512589763338e-03
1.857510299531183762e+01 1.698488519188261995e-03
1.857510299530039433e+01 1.698488519637854832e-03
1.857510299529872455e+01 1.698488519677396336e-03
1.857510299536064480e+01 1.698488517453147989e-03
1.857510299530860820e+01 1.698488519314799230e-03
1.857510299535936227e+01 1.698488517477616698e-03
4.293561337028538316e-02 2.618715655748456683e+01
4.293561337066879868e-02 2.618715655748095728e+01
4.293561336873921719e-02 2.618715655750351701e+01
4.293561337038024478e-02 2.618715655748517079e+01
1.857510299530207831e+01 1.698488519564005702e-03
1.857510299533520026e+01 1.698488518377300237e-03
1.857510299533669240e+01 1.698488518296219045e-03
1.857510299533911180e+01 1.698488518204669881e-03
1.857510299530410691e+01 1.698488519477511522e-03
1.857510299531013587e+01 1.698488519259377851e-03
4.293561336864725603e-02 2.618715655748832916e+01
4.293561336871702661e-02 2.618715655750297699e+01
4.293561336985229210e-02 2.618715655749093685e+01
4.293561336760678276e-02 2.618715655751620019e+01
1.857510299530886044e+01 1.698488519343271247e-03
1.857510299532455278e+01 1.698488518733741242e-03
1.857510299533202058e+01 1.698488518489297888e-03
1.857510299529911535e+01 1.698488519664018799e-03
1.857510299530792963e+01 1.698488519300635864e-03
