2.213631217824159947e+01 7.751955478089416623e-03
2.213631217827658659e+01 7.751955477682024621e-03
2.213631217812378438e+01 7.751955479358599299e-03
2.213631217812533336e+01 7.751955479362165891e-03
2.213631217795553496e+01 7.751955480880070616e-03
2.213631217813028584e+01 7.751955479330189733e-03
2.213631217811543195e+01 7.751955479494782898e-03
2.213631217813657770e+01 7.751955479253933891e-03
2.213631217847965260e+01 7.751955475411078170e-03
2.213631217827576236e+01 7.751955477644893733e-03
2.213631217812278962e+01 7.751955479417091573e-03
2.213631217814045726e+01 7.751955479218758036e-03
2.213631217813414054e+01 7.751955479289461895e-03
2.213631217837248855e+01 7.751955476620786718e-03
2.213631217815274965e+01 7.751955479076530660e-03
2.213631217841235355e+01 7.751955476142680448e-03
2.213631217852258715e+01 7.751955474913636672e-03
2.213631217833273723e+01 7.751955477046597147e-03
2.213631217842016596e+01 7.751955476071750208e-03
2.213631217813975738e+01 7.751955479225456670e-03
2.213631217825010111e+01 7.751955477981867237e-03
2.213631217812957885e+01 7.751955479341097674e-03
2.213631217825852815e+01 7.751955477897686311e-03
2.213631217853429689e+01 7.751955474778812229e-03
2.213631217839272480e+01 7.751955476395066234e-03
2.213631217835178688e+01 7.751955476851534431e-03
2.213631217835279941e+01 7.751955476840025408e-03
2.213631217831902731e+01 7.751955477219798010e-03
2.213631217836313070e+01 7.751955476706154195e-03
2.213631217813614782e+01 7.751955479265926034e-03
3.386231714665402515e-01 2.715736069031253663e+01
2.213631217824788777e+01 7.751955478019734516e-03
2.213631217856756095e+01 7.751955474438364073e-03
2.213631217852426047e+01 7.751955474890498930e-03
2.213631217844859833e+01 7.751955475742350506e-03
2.213631217846072374e+01 7.751955475634263355e-03
2.213631217840343979e+01 7.751955476274059731e-03
2.213631217846682731e+01 7.751955475547084827e-03
2.213631217846139165e+01 7.751955475591790386e-03
2.213631217843098042e+01 7.751955475951701272e-03
2.213631217863100886e+01 7.751955473736860114e-03
2.213631217862889500e+01 7.751955473748572967e-03
2.213631217840871912e+01 7.751955476184358047e-03
2.213631217856057631e+01 7.751955474515159414e-03
2.213631217820998742e+01 7.751955478434449653e-03
2.213631217851720834e+01 7.751955474991198761e-03
2.213631217833408016e+01 7.751955477051584477e-03
2.213631217846249655e+01 7.751955475621810643e-03
2.213631217857358280e+01 7.751955474367751286e-03
2.213631217848504562e+01 7.751955475352467935e-03
3.386231717454952772e-01 2.715736068276662962e+01
2.213631217829071574e+01 7.751955477516362866e-03
2.213631217839015619e+01 7.751955476424897407e-03
2.213631217836744369e+01 7.751955476684395559e-03
2.213631217855083122e+01 7.751955474654216582e-03
2.213631217816890384e+01 7.751955478891841590e-03
2.213631217828041287e+01 7.751955477641869242e-03
2.213631217815005670e+01 7.751955479106817197e-03
2.213631217813773944e+01 7.751955479246169269e-03
2.213631217846417343e+01 7.751955475576385174e-03
3.386231708041567701e-01 2.715736070829282056e+01
2.213631217828369202e+01 7.751955477595596361e-03
2.213631217853884792e+01 7.751955474723255975e-03
2.213631217831526143e+01 7.751955477261424435e-03
2.213631217841436438e+01 7.751955476152587454e-03
2.213631217851702004e+01 7.751955475027593259e-03
2.213631217842550925e+01 7.751955476028111504e-03
2.213631217838909393e+01 7.751955476419515427e-03
2.213631217814623042e+01 7.751955479146461700e-03
2.213631217837946963e+01 7.751955476517612305e-03
3.386231713094924878e-01 2.715736069457952340e+01
2.213631217829645692e+01 7.751955477462484957e-03
2.213631217821636099e+01 7.751955478368737461e-03
2.213631217840693211e+01 7.751955476212594141e-03
2.213631217815367336e+01 7.751955479066553398e-03
2.213631217851959576e+01 7.751955474977720827e-03
2.213631217852309518e+01 7.751955474941046170e-03
2.213631217837674470e+01 7.751955476549234579e-03
2.213631217848908506e+01 7.751955475325204153e-03
2.213631217857064470e+01 7.751955474376672969e-03
3.386231713745855854e-01 2.715736069280701059e+01
3.386231714598155751e-01 2.715736069049421886e+01
2.213631217852834254e+01 7.751955474857684034e-03
2.213631217859609279e+01 7.751955474131169699e-03
2.213631217858480227e+01 7.751955474210017218e-03
2.213631217852823951e+01 7.751955474865865857e-03
2.213631217815756003e+01 7.751955479023624196e-03
2.213631217850698008e+01 7.751955475079204752e-03
2.213631217847394339e+01 7.751955475487198703e-03
2.213631217850510069e+01 7.751955475146708047e-03
3.386231714255203973e-01 2.715736069142036868e+01
2.213631217849554034e+01 7.751955475252815878e-03
2.213631217863147427e+01 7.751955473700358062e-03
2.213631217835189346e+01 7.751955476828358525e-03
2.213631217858264932e+01 7.751955474300192481e-03
2.213631217826652531e+01 7.751955477811155702e-03
2.213631217855716216e+01 7.751955474583260321e-03
2.213631217814996077e+01 7.751955479108333345e-03
2.213631217860585920e+01 7.751955474007066714e-03
