2.298253980962216048e+01 2.404854053423210666e-02
2.298253980933349538e+01 2.404854053895124147e-02
2.298253980948491915e+01 2.404854053641638720e-02
2.298253980925720441e+01 2.404854054017682013e-02
2.298253980866470414e+01 2.404854054973828634e-02
2.298253980957177589e+01 2.404854053506754949e-02
2.298253980958874010e+01 2.404854053478054296e-02
2.298253980930928719e+01 2.404854053935266342e-02
2.298253980972487298e+01 2.404854053255164534e-02
2.298253980952654985e+01 2.404854053581846271e-02
2.298253980983757572e+01 2.404854053071569728e-02
2.298253980962421039e+01 2.404854053421643170e-02
2.298253980977817079e+01 2.404854053168720487e-02
2.298253980977724353e+01 2.404854053171633088e-02
2.298253980959286835e+01 2.404854053472635714e-02
2.298253980944751618e+01 2.404854053709904252e-02
2.298253980962142151e+01 2.404854053425527216e-02
2.298253980971394128e+01 2.404854053276183831e-02
2.298253980971774624e+01 2.404854053267180963e-02
2.298253980955248821e+01 2.404854053538525022e-02
2.233754160606668815e-01 3.337653530605115293e+01
2.298253980982642375e+01 2.404854053090189556e-02
2.298253980984649658e+01 2.404854053057427915e-02
2.298253980975064437e+01 2.404854053215410223e-02
2.298253980981978017e+01 2.404854053101235581e-02
2.298253980968882715e+01 2.404854053316145268e-02
2.298253980974918775e+01 2.404854053215601389e-02
2.298253980969541388e+01 2.404854053304879280e-02
2.298253980973730748e+01 2.404854053238306491e-02
2.298253980971798782e+01 2.404854053268982994e-02
2.233754160771149466e-01 3.337653530548278979e+01
2.298253980984745937e+01 2.404854053057783186e-02
2.298253980956554798e+01 2.404854053517450907e-02
2.298253980983743361e+01 2.404854053071557238e-02
2.298253980980566524e+01 2.404854053126466093e-02
2.298253980973678878e+01 2.404854053238438677e-02
2.298253980982118350e+01 2.404854053098713640e-02
2.298253980982256195e+01 2.404854053096246863e-02
2.298253980965720089e+01 2.404854053368050970e-02
2.298253980979766098e+01 2.404854053136823780e-02
2.233754160368810748e-01 3.337653530687243375e+01
2.233754160311041126e-01 3.337653530707157046e+01
2.298253980975072253e+01 2.404854053215625675e-02
2.298253980974703836e+01 2.404854053219993709e-02
2.298253980980084066e+01 2.404854053133823749e-02
2.298253980978694244e+01 2.404854053156363011e-02
2.298253980982891065e+01 2.404854053086027260e-02
2.298253980982073230e+01 2.404854053099740249e-02
2.298253980981442268e+01 2.404854053109565723e-02
2.298253980978322275e+01 2.404854053161882554e-02
2.233754160722493110e-01 3.337653530564647042e+01
2.233754160614984663e-01 3.337653530602248253e+01
2.298253980990615020e+01 2.404854052959903496e-02
2.298253980977543520e+01 2.404854053175359968e-02
2.298253980990381606e+01 2.404854052963870462e-02
2.298253980981995781e+01 2.404854053100688102e-02
2.298253980987562883e+01 2.404854053009675835e-02
2.298253980979850652e+01 2.404854053136092767e-02
2.298253980974654809e+01 2.404854053223207458e-02
2.298253980962479304e+01 2.404854053420713358e-02
2.233754160510355580e-01 3.337653530638343113e+01
2.233754160547414547e-01 3.337653530625519949e+01
2.298253980993921530e+01 2.404854052906068088e-02
2.298253980977337818e+01 2.404854053178383938e-02
2.298253980971223953e+01 2.404854053276088768e-02
2.298253980982767430e+01 2.404854053088328197e-02
2.298253980974195088e+01 2.404854053228294708e-02
2.298253980978099520e+01 2.404854053166018135e-02
2.298253980987600187e+01 2.404854053009149173e-02
2.298253980975217203e+01 2.404854053214023138e-02
2.233754160629209395e-01 3.337653530597390272e+01
2.233754160568127700e-01 3.337653530618403863e+01
2.298253981007765034e+01 2.404854052679865350e-02
2.298253980984832623e+01 2.404854053056180649e-02
2.298253980991246337e+01 2.404854052949251947e-02
2.298253980980359756e+01 2.404854053129160465e-02
2.298253980990806511e+01 2.404854052956739013e-02
2.298253980990900658e+01 2.404854052955232580e-02
2.298253980989649037e+01 2.404854052975195777e-02
2.298253980987507106e+01 2.404854053010513013e-02
2.233754160404094469e-01 3.337653530675008540e+01
2.233754160520409759e-01 3.337653530634892007e+01
2.298253981038920557e+01 2.404854052174652465e-02
2.298253981002988411e+01 2.404854052757195507e-02
2.298253980976824806e+01 2.404854053186811919e-02
2.298253980979335864e+01 2.404854053145705911e-02
2.298253980982861577e+01 2.404854053088241114e-02
2.298253980982807576e+01 2.404854053089633750e-02
2.298253980990327605e+01 2.404854052964561228e-02
2.298253980984435429e+01 2.404854053061152366e-02
2.233754160427447732e-01 3.337653530667094515e+01
2.233754160286861579e-01 3.337653530715483186e+01
2.233754160554853319e-01 3.337653530622955600e+01
2.298253980991729506e+01 2.404854052943748363e-02
2.298253980996442536e+01 2.404854052864631442e-02
2.298253980986961054e+01 2.404854053020329466e-02
2.298253980978646993e+01 2.404854053157276864e-02
2.298253980991564305e+01 2.404854052944005102e-02
2.298253980968538812e+01 2.404854053320634732e-02
