4.616006384476808435e-04 3.338968938579169077e+01
4.616006376512394802e-04 3.338968938771485284e+01
4.616006443390951531e-04 3.338968937258758984e+01
4.616006377972336995e-04 3.338968938736004333e+01
4.616006376007776211e-04 3.338968938783634144e+01
4.616006377501252235e-04 3.338968938745729531e+01
4.616006377529169357e-04 3.338968938747188986e+01
4.616006378989860734e-04 3.338968938710289081e+01
4.616006377026867706e-04 3.338968938756924842e+01
4.616006386233801966e-04 3.338968938536285691e+01
4.616006376484024483e-04 3.338968938771095907e+01
4.616006377176530432e-04 3.338968938754941007e+01
4.616006376806035239e-04 3.338968938764924133e+01
4.616006376739168696e-04 3.338968938766578276e+01
4.616006385553698206e-04 3.338968938553410482e+01
4.616008334656671952e-04 3.338968937097713052e+01
4.616006377386436309e-04 3.338968938748422488e+01
4.616006375984632831e-04 3.338968938783656881e+01
4.616006384907646526e-04 3.338968938571721878e+01
4.616006384612342923e-04 3.338968938578727119e+01
4.616006376897631891e-04 3.338968938761312444e+01
4.616006377052577934e-04 3.338968938759057181e+01
4.616006384401325196e-04 3.338968938581092516e+01
4.616006385044731423e-04 3.338968938565545841e+01
4.616006384049884314e-04 3.338968938592751812e+01
4.616006373588117228e-04 3.338968938840967127e+01
4.616006377352051921e-04 3.338968938749235349e+01
4.616006377897269547e-04 3.338968938736091729e+01
4.616006375867973219e-04 3.338968938786548080e+01
4.616006376148241107e-04 3.338968938779671447e+01
4.616006377980418638e-04 3.338968938734710434e+01
4.616006378532114913e-04 3.338968938722400281e+01
4.616006376161164797e-04 3.338968938778953799e+01
4.616007384495328034e-04 3.338968936734860904e+01
4.616006376215307685e-04 3.338968938778624818e+01
4.616006384570791416e-04 3.338968938579628798e+01
4.616006376652005889e-04 3.338968938767412453e+01
4.616006376047626604e-04 3.338968938782139162e+01
4.616006376615016706e-04 3.338968938769583872e+01
4.616006372316912407e-04 3.338968938870728209e+01
4.616006376811346745e-04 3.338968938763618866e+01
4.616006376474841833e-04 3.338968938772311645e+01
4.616006377944032813e-04 3.338968938736466185e+01
4.616006378766536770e-04 3.338968938716542567e+01
4.616006376186954172e-04 3.338968938779196804e+01
4.616006373196720786e-04 3.338968938849907175e+01
4.616006376611192724e-04 3.338968938768446293e+01
4.616006376233908258e-04 3.338968938777634321e+01
4.616006375992630991e-04 3.338968938783792595e+01
4.616006376135725620e-04 3.338968938780657680e+01
4.616006390841699688e-04 3.338968938423629140e+01
4.616006376519304964e-04 3.338968938771090933e+01
4.616006377776231385e-04 3.338968938740484305e+01
4.616006377032280585e-04 3.338968938758335270e+01
4.616006379072704622e-04 3.338968938708373457e+01
4.616006367886622721e-04 3.338968939027817129e+01
4.616006377286440885e-04 3.338968938752182680e+01
4.616006377743278144e-04 3.338968938741154346e+01
4.616006376147998246e-04 3.338968938780339357e+01
4.616006376781745316e-04 3.338968938764249117e+01
4.616006377229584781e-04 3.338968938753365734e+01
4.616006378631628410e-04 3.338968938720220336e+01
4.616006374523566320e-04 3.338968938818611321e+01
4.616006376268103452e-04 3.338968938777872353e+01
4.616006379270641449e-04 3.338968938703789036e+01
4.616006377307800210e-04 3.338968938751660431e+01
4.616006376614433405e-04 3.338968938768383765e+01
4.616006376989997785e-04 3.338968938757776073e+01
4.616006384695899674e-04 3.338968938573899692e+01
4.616006375806321689e-04 3.338968938788250540e+01
4.616006376005950956e-04 3.338968938783218476e+01
4.616006376472682644e-04 3.338968938771807871e+01
4.616006376265152254e-04 3.338968938776175577e+01
4.616006376413366486e-04 3.338968938773394513e+01
4.616006384164525141e-04 3.338968938589194835e+01
4.616006376263312363e-04 3.338968938776942252e+01
4.616006377743838676e-04 3.338968938741189874e+01
4.616006384210182521e-04 3.338968938573059830e+01
4.616006375705361867e-04 3.338968938791170160e+01
4.616006373875541934e-04 3.338968938833932754e+01
4.616006378841594460e-04 3.338968938714837265e+01
4.616006376873793538e-04 3.338968938760469030e+01
4.616006376261347788e-04 3.338968938777414053e+01
4.616006382409093946e-04 3.338968938628993754e+01
4.616006375912870031e-04 3.338968938784569929e+01
4.616006376028057297e-04 3.338968938782805651e+01
4.616006378677573645e-04 3.338968938718658563e+01
4.616006373942545629e-04 3.338968938830149824e+01
4.616006377783543786e-04 3.338968938740474357e+01
4.616006379120973844e-04 3.338968938707264300e+01
4.616006384536124594e-04 3.338968938581618318e+01
4.616006376713983764e-04 3.338968938766209504e+01
4.616006390073233451e-04 3.338968938442399548e+01
4.616006373787961167e-04 3.338968938835689215e+01
4.616006376036553105e-04 3.338968938782775808e+01
4.616006377353945480e-04 3.338968938750524984e+01
4.616006376000560845e-04 3.338968938783524720e+01
4.616006376045399652e-04 3.338968938781884077e+01
4.616006382810038415e-04 3.338968938618421589e+01
