2.897763848158694344e+01 1.617730904008609022e-03
2.897763848162404443e+01 1.617730902828470136e-03
2.897763848155979716e+01 1.617730903550209862e-03
2.897763848154467681e+01 1.617730904032066387e-03
2.897763848145839560e+01 1.617730905554054651e-03
2.897763848161737954e+01 1.617730902848408397e-03
2.897763848160626665e+01 1.617730902929645715e-03
2.897763848161865496e+01 1.617730902205419480e-03
2.897763848167323530e+01 1.617730900827917418e-03
2.897763848155809541e+01 1.617730903967317833e-03
2.897763848162372469e+01 1.617730903003382521e-03
2.897763848158018973e+01 1.617730904228824361e-03
2.897763848158351507e+01 1.617730904113306523e-03
2.897763848158343691e+01 1.617730904107786850e-03
2.897763848158924560e+01 1.617730903937851603e-03
2.897763848159012312e+01 1.617730903816812357e-03
2.897763848163067379e+01 1.617730902704837695e-03
2.897763848165458356e+01 1.617730901910169328e-03
2.897763848161513778e+01 1.617730902778921880e-03
2.897763848158322730e+01 1.617730903972199995e-03
2.361611162862032112e-02 2.527990008279358136e+01
2.897763848159610234e+01 1.617730903799051607e-03
2.897763848163645406e+01 1.617730902684928491e-03
2.897763848159187106e+01 1.617730903872751551e-03
2.897763848173108059e+01 1.617730900024352738e-03
2.897763848161767797e+01 1.617730903155772341e-03
2.897763848160136391e+01 1.617730903607934520e-03
2.897763848158612277e+01 1.617730904018482201e-03
2.897763848165683598e+01 1.617730901902347460e-03
2.897763848163663170e+01 1.617730902534027064e-03
2.361611162811025344e-02 2.527990008277195955e+01
2.361611162072570907e-02 2.527990008290387891e+01
2.897763848159885924e+01 1.617730903722510837e-03
2.897763848159000233e+01 1.617730903963661687e-03
2.897763848163713618e+01 1.617730902640816208e-03
2.897763848163815581e+01 1.617730902625946158e-03
2.897763848158991351e+01 1.617730903893372426e-03
2.897763848173394408e+01 1.617730899886170737e-03
2.897763848168895251e+01 1.617730901034387892e-03
2.897763848158551880e+01 1.617730904019850030e-03
2.361611162908168818e-02 2.527990008278660028e+01
2.361611162757813395e-02 2.527990008280844236e+01
2.361611162087035726e-02 2.527990008290112911e+01
2.897763848162701450e+01 1.617730902910252157e-03
2.897763848166668055e+01 1.617730901831038182e-03
2.897763848159191724e+01 1.617730903872362106e-03
2.897763848159996058e+01 1.617730903676712186e-03
2.897763848159415190e+01 1.617730903811161495e-03
2.897763848161926603e+01 1.617730903094941660e-03
2.897763848159604905e+01 1.617730903755764402e-03
2.361611163237107083e-02 2.527990008268438871e+01
2.361611162462609950e-02 2.527990008284752932e+01
2.361611161933593883e-02 2.527990008292254132e+01
2.897763848185944369e+01 1.617730896574495801e-03
2.897763848170593803e+01 1.617730900705972646e-03
2.897763848162598777e+01 1.617730902973612715e-03
2.897763848159446809e+01 1.617730903801009677e-03
2.897763848164245104e+01 1.617730902451365972e-03
2.897763848160099087e+01 1.617730903643855005e-03
2.897763848159882372e+01 1.617730903696383950e-03
2.361611162888781895e-02 2.527990008278765544e+01
2.361611162852104984e-02 2.527990008279456191e+01
2.361611162399651978e-02 2.527990008285829759e+01
2.897763848161664768e+01 1.617730903234854481e-03
2.897763848181290314e+01 1.617730897850654451e-03
2.897763848177709178e+01 1.617730898773492212e-03
2.897763848158692213e+01 1.617730904015354928e-03
2.897763848159459954e+01 1.617730903832650599e-03
2.897763848158833255e+01 1.617730903998062554e-03
2.897763848165610767e+01 1.617730902121918782e-03
2.361611162692909063e-02 2.527990008280052336e+01
2.361611162839265948e-02 2.527990008279679301e+01
2.361611162889569113e-02 2.527990008279047984e+01
2.361611161763172914e-02 2.527990008294850455e+01
2.897763848178695412e+01 1.617730898552681212e-03
2.897763848164196077e+01 1.617730902545293659e-03
2.897763848160604283e+01 1.617730903485659066e-03
2.897763848160951028e+01 1.617730903432590839e-03
2.897763848162437839e+01 1.617730903013187395e-03
2.897763848160037981e+01 1.617730903669703036e-03
2.361611162855860660e-02 2.527990008279161671e+01
2.361611162558751795e-02 2.527990008283176948e+01
2.361611162576453954e-02 2.527990008283301648e+01
2.361611162893749449e-02 2.527990008279002510e+01
2.361611162715026094e-02 2.527990008281484435e+01
2.897763848164759182e+01 1.617730902337722069e-03
2.897763848161330813e+01 1.617730903326157314e-03
2.897763848158905731e+01 1.617730903991218853e-03
2.897763848163374334e+01 1.617730902755298850e-03
2.897763848162390232e+01 1.617730903026096557e-03
2.361611162807037215e-02 2.527990008278223755e+01
2.361611162315071372e-02 2.527990008286869639e+01
2.361611162377223044e-02 2.527990008286069923e+01
2.361611162707030059e-02 2.527990008281573964e+01
2.361611162776834985e-02 2.527990008280600165e+01
2.897763848165017109e+01 1.617730902265329023e-03
2.897763848161746125e+01 1.617730903214171807e-03
2.897763848166839296e+01 1.617730901817623782e-03
2.897763848158801636e+01 1.617730904017736053e-03
