2.876293754590714613e+01 8.856884115775438100e-05
2.876293754587843665e+01 8.856884199043829197e-05
2.876293754582828655e+01 8.856884110650310076e-05
2.876293754578549766e+01 8.856884325522894591e-05
2.876293754565801564e+01 8.856884443584970548e-05
2.876293754588850149e+01 8.856884128703437699e-05
2.876293754583558382e+01 8.856884297685022609e-05
2.876293754582304274e+01 8.856884315337561924e-05
2.876293754583750228e+01 8.856884302045269039e-05
2.876293754581607942e+01 8.856884217515117335e-05
1.767466914448670792e-04 2.554435920728404241e+01
2.876293754588207108e+01 8.856884216727584048e-05
2.876293754592245833e+01 8.856884074299133558e-05
2.876293754589826079e+01 8.856884152596698929e-05
2.876293754588130724e+01 8.856884207234223089e-05
2.876293754587705465e+01 8.856884194923305288e-05
2.876293754585807960e+01 8.856884275425553764e-05
2.876293754587566198e+01 8.856884199363624114e-05
2.876293754585923779e+01 8.856884208763147375e-05
2.876293754583810980e+01 8.856884327870093361e-05
1.767466924924710316e-04 2.554435920724718656e+01
1.767466908302242753e-04 2.554435920729997989e+01
2.876293754597743657e+01 8.856883908384218559e-05
2.876293754589312712e+01 8.856884180902450227e-05
2.876293754587080187e+01 8.856884249948514395e-05
2.876293754590515306e+01 8.856884131777012622e-05
2.876293754586582452e+01 8.856884261775643569e-05
2.876293754587706530e+01 8.856884218218717111e-05
2.876293754591275587e+01 8.856884075214826318e-05
2.876293754585142892e+01 8.856884298151652382e-05
1.767466939516159838e-04 2.554435920715869557e+01
1.767466915055709354e-04 2.554435920727744147e+01
1.767466921899548272e-04 2.554435920726465525e+01
1.767466935177656540e-04 2.554435920722945497e+01
2.876293754586930618e+01 8.856884255543452970e-05
2.876293754590927421e+01 8.856884127339459867e-05
2.876293754590955132e+01 8.856884115380677378e-05
2.876293754591066332e+01 8.856884111629825752e-05
2.876293754591205598e+01 8.856884099253377416e-05
2.876293754583998918e+01 8.856884342035774792e-05
1.767466921892855492e-04 2.554435920724979070e+01
1.767466936269531611e-04 2.554435920722010067e+01
1.767466925172608535e-04 2.554435920725428488e+01
1.767466923633868696e-04 2.554435920726013975e+01
2.876293754585984885e+01 8.856884289578834633e-05
2.876293754589773854e+01 8.856884166151142413e-05
2.876293754584954954e+01 8.856884321262022066e-05
2.876293754587494789e+01 8.856884236156782424e-05
2.876293754585679352e+01 8.856884296084999056e-05
2.876293754591292284e+01 8.856884104245869567e-05
1.767466945206854336e-04 2.554435920708793262e+01
1.767466918838311570e-04 2.554435920725848419e+01
1.767466920134893769e-04 2.554435920726734466e+01
1.767466942344222600e-04 2.554435920720948872e+01
2.876293754591422669e+01 8.856884113391610914e-05
1.767466938925780584e-04 2.554435920721939368e+01
2.876293754588279228e+01 8.856884214565140104e-05
2.876293754591271679e+01 8.856884114350090358e-05
2.876293754587619489e+01 8.856884233266692455e-05
2.876293754585247342e+01 8.856884308671647088e-05
1.767466940522273433e-04 2.554435920719896203e+01
1.767466928479367698e-04 2.554435920723669184e+01
1.767466940528570479e-04 2.554435920721372000e+01
1.767466938165712577e-04 2.554435920722069042e+01
1.767466909800252098e-04 2.554435920729623888e+01
1.767466909031520502e-04 2.554435920729944343e+01
1.767466852372106471e-04 2.554435920745125443e+01
2.876293754584577300e+01 8.856884334846806947e-05
2.876293754584139251e+01 8.856884347917930720e-05
2.876293754588456508e+01 8.856884206471843293e-05
1.767466932678082912e-04 2.554435920718804098e+01
1.767466926717853586e-04 2.554435920724261422e+01
1.767466933891871097e-04 2.554435920722697162e+01
1.767466904207089988e-04 2.554435920730878706e+01
1.767466900497065079e-04 2.554435920732153775e+01
1.767466940152203519e-04 2.554435920721605768e+01
1.767466896100726914e-04 2.554435920733402554e+01
1.767466931945763163e-04 2.554435920723811293e+01
2.876293754584409612e+01 8.856884340414439890e-05
2.876293754586442830e+01 8.856884273598556552e-05
1.767466915745894026e-04 2.554435920724267461e+01
1.767466921821350461e-04 2.554435920723870623e+01
1.767466937059842353e-04 2.554435920721900999e+01
1.767466932546769766e-04 2.554435920723277675e+01
1.767466936961585718e-04 2.554435920722351838e+01
1.767466937113551832e-04 2.554435920722354325e+01
1.767466894249137015e-04 2.554435920733800813e+01
1.767466932204835982e-04 2.554435920723731712e+01
2.876293754587790730e+01 8.856884230759739206e-05
2.876293754591754492e+01 8.856884101940232332e-05
1.767466923896248874e-04 2.554435920718316311e+01
1.767466921127169150e-04 2.554435920725140363e+01
1.767466941852040350e-04 2.554435920720587561e+01
1.767466915954567165e-04 2.554435920727659237e+01
1.767466934241595687e-04 2.554435920723070197e+01
1.767466889168129243e-04 2.554435920734989551e+01
1.767466883867564026e-04 2.554435920736577259e+01
1.767466922541733958e-04 2.554435920726308495e+01
2.876293754586543372e+01 8.856884271515725574e-05
