2.109881782536206529e+01 3.360278603289393285e-05
2.109881782536113803e+01 3.360278595799629132e-05
2.109881782525769367e+01 3.360278301359656241e-05
2.109881782530800365e+01 3.360278589192173800e-05
2.109881782523233085e+01 3.360278747432310289e-05
2.109881782536165673e+01 3.360278566111371665e-05
2.109881782535270389e+01 3.360278569979360493e-05
2.109881782535595462e+01 3.360278467184342580e-05
2.109881782536391626e+01 3.360278516686305303e-05
2.109881782533577876e+01 3.360278325611356742e-05
1.449567367563529873e-04 3.789678955096523083e+01
2.109881782536771055e+01 3.360278591925853375e-05
2.109881782538338157e+01 3.360278514460726234e-05
2.109881782537635075e+01 3.360278543720606614e-05
2.109881782542460371e+01 3.360278323462501918e-05
2.109881782535974892e+01 3.360278595147921305e-05
2.109881782539432749e+01 3.360278442534647724e-05
2.109881782538275985e+01 3.360278478725749245e-05
2.109881782537043904e+01 3.360278473706772068e-05
2.109881782535962458e+01 3.360278584436831900e-05
1.449567384824979033e-04 3.789678955089163992e+01
1.449567367370293333e-04 3.789678955096566426e+01
2.109881782537480177e+01 3.360278562794287644e-05
2.109881782537776473e+01 3.360278548920908473e-05
2.109881782538192496e+01 3.360278526010919680e-05
2.109881782538186457e+01 3.360278521138828858e-05
2.109881782537617667e+01 3.360278545393063004e-05
2.109881782541050299e+01 3.360278381453388858e-05
2.109881782536442074e+01 3.360278578195926349e-05
2.109881782536585604e+01 3.360278577245131865e-05
1.449567376888455687e-04 3.789678955083795131e+01
1.449567395285486276e-04 3.789678955085602752e+01
1.449567377911447057e-04 3.789678955092550439e+01
2.109881782540381678e+01 3.360278439118186410e-05
2.109881782537751960e+01 3.360278546169843716e-05
2.109881782538569794e+01 3.360278513568541010e-05
2.109881782537038220e+01 3.360278570881764323e-05
2.109881782537192763e+01 3.360278563954497810e-05
2.109881782536456996e+01 3.360278591770922917e-05
2.109881782539684281e+01 3.360278439035703019e-05
1.449567383350968503e-04 3.789678955089340207e+01
1.449567393638364168e-04 3.789678955085986445e+01
1.449567375280221471e-04 3.789678955093420853e+01
1.449567373294261788e-04 3.789678955094348112e+01
2.109881782541706841e+01 3.360278382070033587e-05
2.109881782539097372e+01 3.360278492550157714e-05
2.109881782542067441e+01 3.360278360953639770e-05
2.109881782538731798e+01 3.360278502212912387e-05
2.109881782539007133e+01 3.360278490642507380e-05
2.109881782536911743e+01 3.360278576643848248e-05
1.449567383015889046e-04 3.789678955072073308e+01
1.449567369291714525e-04 3.789678955094471746e+01
1.449567386301699797e-04 3.789678955089181045e+01
1.449567390187082481e-04 3.789678955087731538e+01
2.109881782542525741e+01 3.360278347467401413e-05
2.109881782538058914e+01 3.360278538396203586e-05
2.109881782538646178e+01 3.360278511741293076e-05
2.109881782546720430e+01 3.360278158067400196e-05
2.109881782537479467e+01 3.360278558369770386e-05
2.109881782537561890e+01 3.360278551323246378e-05
1.449567386482797880e-04 3.789678955087277501e+01
1.449567378053854844e-04 3.789678955091434887e+01
1.449567359227657462e-04 3.789678955099534363e+01
1.449567366516375160e-04 3.789678955096883328e+01
1.449567394080978049e-04 3.789678955086257162e+01
2.109881782537338424e+01 3.360278569160827155e-05
2.109881782542227313e+01 3.360278360318552762e-05
2.109881782537277672e+01 3.360278570449372977e-05
2.109881782537438966e+01 3.360278561331602690e-05
2.109881782538871065e+01 3.360278498708414534e-05
1.449567394392108294e-04 3.789678955082982270e+01
1.449567382363923043e-04 3.789678955090040091e+01
1.449567386937190806e-04 3.789678955088539425e+01
1.449567387172588987e-04 3.789678955088830747e+01
1.449567366170857817e-04 3.789678955097089386e+01
1.449567392825239101e-04 3.789678955086775147e+01
1.449567380533358263e-04 3.789678955091547863e+01
2.109881782545245343e+01 3.360278231520220357e-05
2.109881782538341710e+01 3.360278525156302739e-05
2.109881782542473516e+01 3.360278345814836067e-05
1.449567369369291630e-04 3.789678955092239931e+01
1.449567394532565059e-04 3.789678955084838918e+01
1.449567394137041330e-04 3.789678955085868495e+01
1.449567379446452633e-04 3.789678955091586232e+01
1.449567367533017442e-04 3.789678955096431423e+01
1.449567388115471640e-04 3.789678955088551504e+01
1.449567369452868981e-04 3.789678955095804724e+01
1.449567375222283604e-04 3.789678955093607726e+01
2.109881782538414186e+01 3.360278522208685003e-05
2.109881782538157324e+01 3.360278532951501551e-05
1.449567381661256223e-04 3.789678955084726653e+01
1.449567371107067407e-04 3.789678955093647517e+01
1.449567374460417177e-04 3.789678955092900736e+01
1.449567371429392852e-04 3.789678955094728252e+01
1.449567358877083129e-04 3.789678955099762447e+01
1.449567360174428064e-04 3.789678955099289936e+01
1.449567386582527133e-04 3.789678955089175361e+01
1.449567379016910977e-04 3.789678955092130508e+01
2.109881782538642980e+01 3.360278513210665524e-05
