2.454845553908238998e+01 1.381731405010094837e-02
2.454845553907664168e+01 1.381731405014520291e-02
2.454845553896243260e+01 1.381731405104103839e-02
2.454845553888083387e+01 1.381731405165022297e-02
2.454845553858486440e+01 1.381731405354989090e-02
2.454845553913403933e+01 1.381731404969480104e-02
2.454845553924377555e+01 1.381731404884793853e-02
2.454845553914235268e+01 1.381731404962442851e-02
2.454845553932508651e+01 1.381731404822863704e-02
2.454845553914784873e+01 1.381731404958890311e-02
2.454845553923260582e+01 1.381731404892105886e-02
2.454845553913625267e+01 1.381731404968452627e-02
2.454845553918177359e+01 1.381731404933384845e-02
2.454845553913598621e+01 1.381731404967899597e-02
2.454845553917702361e+01 1.381731404935998032e-02
2.454845553915733092e+01 1.381731404952234003e-02
2.454845553917392920e+01 1.381731404938534719e-02
2.454845553918729806e+01 1.381731404928584171e-02
2.454845553915955492e+01 1.381731404951379305e-02
2.454845553917276035e+01 1.381731404939569655e-02
2.454845553922540446e+01 1.381731404899746475e-02
2.454845553931241042e+01 1.381731404830628673e-02
2.454845553920137036e+01 1.381731404917929153e-02
2.454845553925209245e+01 1.381731404878508949e-02
2.454845553918910994e+01 1.381731404926803651e-02
2.454845553922766754e+01 1.381731404897940628e-02
2.454845553917598622e+01 1.381731404937658683e-02
2.454845553919812673e+01 1.381731404919844461e-02
2.454845553921563450e+01 1.381731404907252277e-02
2.454845553920475254e+01 1.381731404914485033e-02
5.576109311634526167e-01 4.410429598884793734e+01
2.454845553929935775e+01 1.381731404841650239e-02
2.454845553914699607e+01 1.381731404960167761e-02
2.454845553932958069e+01 1.381731404817146749e-02
2.454845553919978940e+01 1.381731404919606804e-02
2.454845553922899981e+01 1.381731404896950101e-02
2.454845553930217150e+01 1.381731404838560523e-02
2.454845553925539647e+01 1.381731404875322436e-02
2.454845553926131174e+01 1.381731404871998706e-02
2.454845553915255607e+01 1.381731404955722012e-02
2.454845553931317426e+01 1.381731404830922882e-02
2.454845553926781321e+01 1.381731404866998886e-02
2.454845553925751744e+01 1.381731404874824050e-02
2.454845553918226742e+01 1.381731404932878826e-02
2.454845553929272128e+01 1.381731404847021290e-02
2.454845553925728296e+01 1.381731404875078187e-02
2.454845553927879820e+01 1.381731404857818729e-02
2.454845553926062607e+01 1.381731404871651414e-02
2.454845553924377910e+01 1.381731404884585165e-02
2.454845553925628820e+01 1.381731404873820165e-02
5.576109216672526792e-01 4.410429650883124708e+01
2.454845553921511581e+01 1.381731404907588640e-02
2.454845553927666657e+01 1.381731404860142912e-02
2.454845553922826085e+01 1.381731404896600381e-02
2.454845553928151247e+01 1.381731404856457492e-02
2.454845553920541334e+01 1.381731404915273985e-02
2.454845553930509539e+01 1.381731404837475627e-02
2.454845553917989065e+01 1.381731404934020968e-02
2.454845553926184465e+01 1.381731404870661407e-02
2.454845553928517887e+01 1.381731404852753683e-02
2.454845553933347801e+01 1.381731404815278452e-02
2.454845553924210577e+01 1.381731404886978910e-02
2.454845553917382617e+01 1.381731404939466785e-02
2.454845553932213420e+01 1.381731404824229278e-02
2.454845553927105328e+01 1.381731404864362973e-02
2.454845553932785052e+01 1.381731404818890493e-02
2.454845553920772971e+01 1.381731404912272566e-02
2.454845553937832392e+01 1.381731404779842215e-02
2.454845553919076195e+01 1.381731404925632019e-02
2.454845553919902557e+01 1.381731404919146408e-02
2.454845553974419303e+01 1.381731404499557392e-02
2.454845553925649426e+01 1.381731404875623757e-02
2.454845553924846158e+01 1.381731404882068776e-02
2.454845553935815516e+01 1.381731404796501458e-02
2.454845553929074597e+01 1.381731404848211484e-02
2.454845553924475254e+01 1.381731404883773662e-02
2.454845553920863921e+01 1.381731404912789341e-02
2.454845553933624558e+01 1.381731404813520657e-02
2.454845553921339629e+01 1.381731404908066382e-02
2.454845553935771107e+01 1.381731404797660774e-02
2.454845553956236870e+01 1.381731404637131545e-02
2.454845553953455450e+01 1.381731404660679029e-02
2.454845553923448165e+01 1.381731404892753458e-02
2.454845553923014734e+01 1.381731404894076358e-02
2.454845553927017221e+01 1.381731404865170661e-02
2.454845553939048841e+01 1.381731404772206830e-02
2.454845553930880797e+01 1.381731404835059157e-02
2.454845553918382350e+01 1.381731404931964627e-02
2.454845553918870849e+01 1.381731404927136198e-02
2.454845553928936042e+01 1.381731404849040508e-02
5.576109351402043224e-01 4.410429577145010427e+01
2.454845553929951762e+01 1.381731404842663664e-02
2.454845553928834079e+01 1.381731404850025484e-02
2.454845553941171232e+01 1.381731404753678075e-02
2.454845553939937375e+01 1.381731404763206043e-02
2.454845553937244063e+01 1.381731404785643477e-02
2.454845553933664348e+01 1.381731404812857819e-02
2.454845553927157553e+01 1.381731404863205566e-02
2.454845553939366454e+01 1.381731404767649017e-02
