3.212942015328361123e+01 4.166551590826432158e-03
3.212942015334151336e+01 4.166551589522025055e-03
3.212942015329665679e+01 4.166551589916972151e-03
3.212942015326806455e+01 4.166551590416650575e-03
3.212942015306195032e+01 4.166551591815443982e-03
3.212942015328987111e+01 4.166551590601959808e-03
3.212942015327864453e+01 4.166551590758521204e-03
3.212942015329720391e+01 4.166551590200814545e-03
3.212942015327011802e+01 4.166551590999717156e-03
3.212942015332481560e+01 4.166551589067222193e-03
3.212942015326557765e+01 4.166551591239271192e-03
3.212942015330520462e+01 4.166551590379110291e-03
3.212942015335134016e+01 4.166551589360888326e-03
3.212942015329014112e+01 4.166551590688145207e-03
3.212942015330055767e+01 4.166551590450646818e-03
3.212942015329276302e+01 4.166551590577348418e-03
3.212942015329151246e+01 4.166551590631915880e-03
3.212942015328982137e+01 4.166551590641530585e-03
3.212942015329343803e+01 4.166551590438360639e-03
3.212942015328774659e+01 4.166551590664759400e-03
6.034372715730206699e-02 2.858254088636302370e+01
3.212942015328533785e+01 4.166551590802997779e-03
3.212942015331013579e+01 4.166551590275176069e-03
3.212942015340508561e+01 4.166551588216281347e-03
3.212942015328232515e+01 4.166551590858305967e-03
3.212942015333581480e+01 4.166551589697494069e-03
3.212942015333833723e+01 4.166551589627197003e-03
3.212942015328865608e+01 4.166551590700911904e-03
3.212942015330175138e+01 4.166551590379772955e-03
3.212942015328246015e+01 4.166551590815024617e-03
6.034372715772663015e-02 2.858254088635196055e+01
6.034372715734800940e-02 2.858254088636245527e+01
3.212942015329284118e+01 4.166551590650297010e-03
3.212942015327424627e+01 4.166551591042904831e-03
3.212942015326790113e+01 4.166551591173254555e-03
3.212942015326719059e+01 4.166551591199847866e-03
3.212942015329642231e+01 4.166551590553661637e-03
3.212942015332507850e+01 4.166551589927787284e-03
3.212942015336425783e+01 4.166551589060705704e-03
3.212942015330168744e+01 4.166551590420774880e-03
6.034372715743837462e-02 2.858254088636094536e+01
6.034372714699730994e-02 2.858254088653594494e+01
3.212942015333975831e+01 4.166551589639112818e-03
3.212942015333112522e+01 4.166551589823945870e-03
3.212942015330097689e+01 4.166551590472742858e-03
3.212942015343379154e+01 4.166551587577270802e-03
3.212942015334579082e+01 4.166551589505007418e-03
3.212942015336624735e+01 4.166551589045023804e-03
3.212942015327448786e+01 4.166551591033650949e-03
3.212942015333983647e+01 4.166551589607177426e-03
6.034372716406623260e-02 2.858254088620261513e+01
6.034372715447974822e-02 2.858254088640999413e+01
3.212942015350502345e+01 4.166551586074020153e-03
3.212942015330439460e+01 4.166551590390746816e-03
3.212942015333179313e+01 4.166551589807880596e-03
3.212942015330962420e+01 4.166551590287039843e-03
3.212942015330573753e+01 4.166551590367924794e-03
3.212942015327627132e+01 4.166551590992407898e-03
3.212942015334252233e+01 4.166551589552207509e-03
3.212942015341307922e+01 4.166551588025232782e-03
6.034372715696138118e-02 2.858254088636861567e+01
6.034372714564208845e-02 2.858254088655878533e+01
3.212942015329924317e+01 4.166551590512827981e-03
3.212942015330580148e+01 4.166551590371204289e-03
3.212942015328058432e+01 4.166551590905888565e-03
3.212942015346450830e+01 4.166551586937308760e-03
3.212942015327710266e+01 4.166551590979629058e-03
3.212942015346042979e+01 4.166551587018566677e-03
3.212942015340966151e+01 4.166551588124491057e-03
3.212942015327411838e+01 4.166551591039252371e-03
6.034372715667810777e-02 2.858254088637189483e+01
6.034372715036270124e-02 2.858254088647977298e+01
6.034372714899505219e-02 2.858254088650313562e+01
3.212942015365840120e+01 4.166551582758459653e-03
3.212942015327483603e+01 4.166551591029916957e-03
3.212942015329571177e+01 4.166551590587970130e-03
3.212942015333199919e+01 4.166551589804505691e-03
3.212942015327670475e+01 4.166551590988320890e-03
3.212942015334655110e+01 4.166551589473865662e-03
3.212942015333018730e+01 4.166551589840821260e-03
6.034372715672226689e-02 2.858254088637284696e+01
6.034372714723696546e-02 2.858254088652899583e+01
6.034372714823471595e-02 2.858254088651577263e+01
6.034372714915177405e-02 2.858254088650042135e+01
3.212942015330406065e+01 4.166551590408778399e-03
3.212942015333715062e+01 4.166551589694813054e-03
3.212942015330094137e+01 4.166551590475935617e-03
3.212942015338725099e+01 4.166551588613436746e-03
3.212942015330654044e+01 4.166551590351553341e-03
3.212942015330250456e+01 4.166551590438217524e-03
6.034372715798196757e-02 2.858254088634937062e+01
6.034372714710500157e-02 2.858254088653402292e+01
6.034372715470363163e-02 2.858254088640702406e+01
6.034372715418164640e-02 2.858254088641600887e+01
3.212942015360714265e+01 4.166551583808789615e-03
3.212942015332913570e+01 4.166551589855505694e-03
3.212942015331591250e+01 4.166551590141217253e-03
3.212942015359013226e+01 4.166551584200447675e-03
3.212942015327505629e+01 4.166551591014897721e-03
