1.000000000000000000e+00 3.193862915992502494e-01 1.272053202749439649e+01 1.102019957542954121e+00 2.973909765642328007e-01 5.628004176348543552e+00 5.906610868386108493e+00 8.486038032033283329e+00 6.124395447346057952e-02 8.877179947969417173e-02 3.827680460786503924e-01
1.000000000000000000e+00 3.148866457130874985e-01 1.310090577187310679e+01 1.098761351546094334e+00 1.558700124256696407e-01 4.644604108239373197e+00 5.428212907550799216e+00 7.754973791704484753e+00 6.727965701895863293e-02 8.841884156269896877e-02 3.844078818395422203e-01
1.000000000000000000e+00 3.211443447078323743e-01 1.211985891223767098e+01 1.065711463116606916e+00 2.484635523950820546e-01 3.527618887462757868e+00 6.938566590789413624e+00 1.037216581150526196e+01 7.124749053807689914e-02 8.895557664381767426e-02 3.647057347927004090e-01
1.000000000000000000e+00 3.143490859530944093e-01 1.303167089745886109e+01 1.101735245022651855e+00 1.624255358765443469e-01 6.452119974721286511e+00 4.385225284468700302e+00 9.721170447377957657e+00 7.039100386259350417e-02 8.890806063423227490e-02 3.830212101399444458e-01
1.000000000000000000e+00 3.218753166130123855e-01 1.219397732720318039e+01 1.079573051082924673e+00 1.866515401443724631e-01 3.357946770325968444e+00 8.446421366804736763e+00 1.076895878334081402e+01 7.022343442237996558e-02 8.917546339758196383e-02 3.832427098588272463e-01
1.000000000000000000e+00 3.248235041633802944e-01 1.197757150202652277e+01 1.064315286768409141e+00 1.120905987974152862e-01 5.024639301065645824e+00 9.845231908204508997e+00 8.936533073426172535e+00 7.141120631646245831e-02 9.009636399506090743e-02 3.769718522474493905e-01
1.000000000000000000e+00 3.177943882348989724e-01 1.260058714319575657e+01 1.106584148951981428e+00 2.822256954350784164e-01 5.495412385079542439e+00 7.124943099919128997e+00 9.483124519452552192e+00 6.649261900068538511e-02 8.959831775710175306e-02 3.756127183069772890e-01
1.000000000000000000e+00 3.206045767361996868e-01 1.230699042665706600e+01 1.078776328557673914e+00 7.873615270071024352e-02 4.435897529786454463e+00 9.977779506666841769e+00 9.528168735191648864e+00 7.048279897287744455e-02 8.932464708298185063e-02 3.796740209965198676e-01
1.000000000000000000e+00 3.149883213840203866e-01 1.259356221574706503e+01 1.088654056960334460e+00 2.286050967399916034e-01 6.451984170148363340e+00 9.383288047200528226e+00 9.142033215576800487e+00 6.458626783058199483e-02 8.927244585479415795e-02 3.686756479723503066e-01
1.000000000000000000e+00 3.187964868229365423e-01 1.274679201126622097e+01 1.110093840500787410e+00 3.432458569125209080e-01 6.116809129235477371e+00 8.330092461992048669e+00 7.561441912483606309e+00 6.605004239266418220e-02 8.915750279573900205e-02 3.715705164891414114e-01
