1.000000000000000000e+00 3.203349782743681873e-01 1.255962789654498302e+01 1.101264505511117875e+00 3.305148770445366924e-01 5.874172034015401778e+00 6.132436139412586584e+00 8.706842323869111056e+00 6.221772693183021813e-02 8.877982744261735115e-02 3.823245466982835294e-01
1.000000000000000000e+00 3.183158770871219456e-01 1.273856648054094265e+01 1.103112786382178134e+00 2.714855789244024487e-01 5.285653318277626411e+00 5.698621859348883767e+00 8.793977800538575806e+00 6.129525443430832582e-02 8.878270811301257337e-02 3.833684405504705905e-01
1.000000000000000000e+00 3.213802433219149490e-01 1.253102178406806999e+01 1.101737048418150122e+00 3.417874631970830857e-01 6.051770802630641377e+00 6.014243003843627200e+00 8.352975467694133016e+00 6.076877456728718013e-02 8.876165623741877342e-02 3.821925035868243281e-01
1.000000000000000000e+00 3.166968241238157789e-01 1.313513774356969499e+01 1.097420942811338396e+00 1.967337268928898708e-01 4.436169035302855335e+00 5.519689057927311460e+00 7.807278304601194208e+00 6.946016558170660382e-02 8.834895773038697886e-02 3.836483033096197981e-01
1.000000000000000000e+00 3.128619196703823491e-01 1.317921552964617504e+01 1.099366436227011912e+00 2.108631887135286598e-01 4.277850224700819659e+00 5.311435588630816440e+00 7.942656830665823620e+00 6.922977439938389488e-02 8.832363781280802573e-02 3.845720362381098156e-01
1.000000000000000000e+00 3.174641045462088806e-01 1.255747837344389417e+01 1.100998376642315923e+00 2.924476020917844976e-01 5.346568667782071849e+00 5.785311536001447763e+00 8.611078895339757011e+00 5.884823881287492425e-02 8.885894812223776862e-02 3.826868499466982709e-01
1.000000000000000000e+00 3.192575036380940756e-01 1.261104203171860760e+01 1.101674117299540567e+00 3.245563663431723089e-01 5.798860234378607537e+00 5.711761702861656076e+00 8.679133881420728613e+00 6.322152692031185461e-02 8.879544921874515939e-02 3.834584335566713076e-01
1.000000000000000000e+00 3.132909809460728279e-01 1.304606259694683246e+01 1.099515774429953519e+00 1.135503906708048572e-01 5.116333045031060678e+00 5.200120518968614824e+00 8.002058531728255986e+00 6.931942398544602146e-02 8.848132806389309712e-02 3.851493330701803441e-01
1.000000000000000000e+00 3.187128717632656261e-01 1.264366180526010552e+01 1.100944688523590509e+00 2.313753313623729269e-01 5.847789845218489546e+00 6.018682660304754961e+00 8.668142156015433031e+00 5.983249135956197201e-02 8.867700216315778372e-02 3.828412349989148700e-01
1.000000000000000000e+00 3.158988545098745382e-01 1.296241661258132005e+01 1.100334104179292005e+00 2.109349277780068754e-01 4.454682049281249334e+00 5.258031740687445499e+00 7.904750035275760034e+00 6.697809739656343520e-02 8.856227174304232008e-02 3.843950007779137756e-01
