1.000000000000000000e+00 3.581867416523945025e+01 1.179414185626584954e+00 3.942637690302225906e+01 4.527094899857652344e+00
1.000000000000000000e+00 3.602097793927644176e+01 6.267755947248832005e-01 4.102325449918038913e+01 1.921983923176807663e+00
1.000000000000000000e+00 2.916992670351756800e+00 3.898465425843655296e+00 2.174868982516161608e+01 4.110177123762493778e+00
1.000000000000000000e+00 4.426901745814111777e+00 1.477079718547071874e+00 5.688716819010029013e+00 3.516605416422189379e+00
1.000000000000000000e+00 5.377125181885555349e+01 2.699741112405164678e+00 3.772441042653677101e+01 1.469139652374084060e+00
1.000000000000000000e+00 1.382071412752379835e+01 2.798821783129036955e+00 4.212048766937018485e+01 1.578699653779105816e+00
1.000000000000000000e+00 2.435532817615125722e+01 1.860591395869858333e+00 5.511584334237927152e+01 1.181594168655211163e+00
1.000000000000000000e+00 1.509318509938817243e+01 2.799940785871659177e+00 3.119432344784164002e+01 3.715672361426639370e+00
1.000000000000000000e+00 3.455039161188965835e+01 4.562119026543818734e+00 4.396064953886140358e+01 2.173608107160642788e+00
1.000000000000000000e+00 4.000741387891120127e+01 3.240718019394126514e+00 4.481336064573325473e+01 4.299060672701793706e+00
