1.418442585999831092e-02 5.475722592333197269e+01
1.418442585886128988e-02 5.475722592360624219e+01
1.418442585795226182e-02 5.475722592382899734e+01
1.418442585901931972e-02 5.475722592357214324e+01
1.418442586102722572e-02 5.475722592307396752e+01
1.418442585804248132e-02 5.475722592380795817e+01
1.418442586126334760e-02 5.475722592302003022e+01
1.418442585836910200e-02 5.475722592373290354e+01
1.418442585848593562e-02 5.475722592369689323e+01
1.418442585718422862e-02 5.475722592401793776e+01
1.418442585934021061e-02 5.475722592349320195e+01
1.418442586330794127e-02 5.475722592251464249e+01
1.418442586022984793e-02 5.475722592327048233e+01
1.418442585912356967e-02 5.475722592354729557e+01
1.418442586066211326e-02 5.475722592316216719e+01
1.418442586158085925e-02 5.475722592293671909e+01
1.418442585927112698e-02 5.475722592351022655e+01
1.418442585888275535e-02 5.475722592359930019e+01
1.418442585879408149e-02 5.475722592362112096e+01
1.418442585777608504e-02 5.475722592387876375e+01
1.418442586190925801e-02 5.475722592285587353e+01
1.418442585906121156e-02 5.475722592356238749e+01
1.418442585831653294e-02 5.475722592374196296e+01
1.418442585909897649e-02 5.475722592354881613e+01
1.418442585943926505e-02 5.475722592346496498e+01
1.418442585816796081e-02 5.475722592377761089e+01
1.418442585801308296e-02 5.475722592382285114e+01
1.418442585980906646e-02 5.475722592337177019e+01
1.418442585813219949e-02 5.475722592379293729e+01
1.418442585788102540e-02 5.475722592385196208e+01
1.418442585926390012e-02 5.475722592350754780e+01
1.418442585909388855e-02 5.475722592355446494e+01
1.418442585851307364e-02 5.475722592369317709e+01
1.418442585859566035e-02 5.475722592367054631e+01
1.418442585879203278e-02 5.475722592362813401e+01
1.418442585902524727e-02 5.475722592357163876e+01
1.418442585907201368e-02 5.475722592355307228e+01
1.418442586196431814e-02 5.475722592284572698e+01
1.418442585985636023e-02 5.475722592336600769e+01
1.418442585783520962e-02 5.475722592386362209e+01
1.418442585970258046e-02 5.475722592340016348e+01
1.418442585975800835e-02 5.475722592338497918e+01
1.418442585967041869e-02 5.475722592341146111e+01
1.418442585813437309e-02 5.475722592378642872e+01
1.418442585849788787e-02 5.475722592369684349e+01
1.418442585856443880e-02 5.475722592368029495e+01
1.418442586139610773e-02 5.475722592298328806e+01
1.418442585877799714e-02 5.475722592363115382e+01
1.418442586168238047e-02 5.475722592291258195e+01
1.418442585858856533e-02 5.475722592367496588e+01
1.418442585993929216e-02 5.475722592333968208e+01
1.418442586000963693e-02 5.475722592332869709e+01
1.418442585907374147e-02 5.475722592355600682e+01
1.418442586096208165e-02 5.475722592308864733e+01
1.418442585866779015e-02 5.475722592365939079e+01
1.418442585972767324e-02 5.475722592339734263e+01
1.418442585803614611e-02 5.475722592380874687e+01
1.418442585830042950e-02 5.475722592374606279e+01
1.418442585794726582e-02 5.475722592383141318e+01
1.418442585795072486e-02 5.475722592382921761e+01
1.418442586112440146e-02 5.475722592305151437e+01
1.418442585879110471e-02 5.475722592362779295e+01
1.418442586147073727e-02 5.475722592296877878e+01
1.418442585846339636e-02 5.475722592371134567e+01
1.418442585956812899e-02 5.475722592343122841e+01
1.418442585856251499e-02 5.475722592368496322e+01
1.418442585842670176e-02 5.475722592371860031e+01
1.418442586066399023e-02 5.475722592316179771e+01
1.418442585794665520e-02 5.475722592383466036e+01
1.418442585761228898e-02 5.475722592391503696e+01
1.418442586023204409e-02 5.475722592327345950e+01
1.418442585890685066e-02 5.475722592359408480e+01
1.418442585908783783e-02 5.475722592355157303e+01
1.418442586220656360e-02 5.475722592278314949e+01
1.418442586220297619e-02 5.475722592278675904e+01
1.418442585817268793e-02 5.475722592377564979e+01
1.418442586032184725e-02 5.475722592325236349e+01
1.418442586124513474e-02 5.475722592302034997e+01
1.418442585871472830e-02 5.475722592364810737e+01
1.418442585835580187e-02 5.475722592373569597e+01
1.418442585937954893e-02 5.475722592347747053e+01
1.418442586010249494e-02 5.475722592330547656e+01
1.418442585872603003e-02 5.475722592363811714e+01
1.418442585840024202e-02 5.475722592372101616e+01
1.418442585858917943e-02 5.475722592368170183e+01
1.418442586004762911e-02 5.475722592331563021e+01
1.418442585824549601e-02 5.475722592375738174e+01
1.418442585858795124e-02 5.475722592367799990e+01
1.418442585854421192e-02 5.475722592368531849e+01
1.418442585840064274e-02 5.475722592372460440e+01
1.418442586154815624e-02 5.475722592294767566e+01
1.418442585943042317e-02 5.475722592347198514e+01
1.418442585855460986e-02 5.475722592368164499e+01
1.418442585953959278e-02 5.475722592344023099e+01
1.418442585836245454e-02 5.475722592373617204e+01
1.418442585786577545e-02 5.475722592385305632e+01
1.418442585991606421e-02 5.475722592335267791e+01
1.418442585812709419e-02 5.475722592378575371e+01
1.418442586166769603e-02 5.475722592291531754e+01
