1.782362270293392020e-05 2.174868965154568556e+01
1.782362263938174290e-05 2.174868965154781364e+01
2.899310752001562186e+00 2.703260241374530470e-01
2.899310751730097557e+00 2.703260244673992285e-01
2.899310751733570779e+00 2.703260244633676201e-01
2.899310751670662878e+00 2.703260245400150863e-01
2.899310751696687394e+00 2.703260245084226354e-01
2.899310751743553460e+00 2.703260244510333754e-01
2.899310751747140813e+00 2.703260244466391682e-01
2.899310751718979340e+00 2.703260244810549717e-01
1.782362172016315710e-05 2.174868965156589340e+01
1.782362315030043944e-05 2.174868965153587297e+01
1.782362064924441618e-05 2.174868965159405931e+01
1.782362287423098555e-05 2.174868965154256273e+01
2.899310751895054050e+00 2.703260242659535351e-01
2.899310751885428861e+00 2.703260242776356348e-01
2.899310751884237369e+00 2.703260242791581391e-01
2.899310751754590409e+00 2.703260244374846577e-01
2.899310751728872759e+00 2.703260244689401626e-01
2.899310751739547332e+00 2.703260244559331782e-01
1.782362119566181631e-05 2.174868965152325728e+01
1.782362176916901399e-05 2.174868965156493061e+01
1.782362233830278743e-05 2.174868965155400602e+01
1.782362163855959639e-05 2.174868965157100575e+01
1.782362289074341174e-05 2.174868965154214351e+01
1.782362203493165578e-05 2.174868965156204581e+01
1.782362234120493576e-05 2.174868965155497946e+01
2.899310751793305663e+00 2.703260243902471660e-01
2.899310751892734128e+00 2.703260242687545722e-01
2.899310751919024209e+00 2.703260242366080646e-01
1.782362281489594135e-05 2.174868965153038758e+01
1.782362133840252448e-05 2.174868965157305567e+01
1.782362188996326790e-05 2.174868965156261424e+01
1.782362220531942109e-05 2.174868965155759426e+01
1.782362108716383805e-05 2.174868965158317025e+01
1.782362286494938825e-05 2.174868965154274036e+01
1.782362024035449055e-05 2.174868965160380085e+01
1.782362177039170943e-05 2.174868965156816358e+01
1.782362201113855789e-05 2.174868965156266398e+01
2.899310751822718579e+00 2.703260243548962216e-01
1.782362139047282459e-05 2.174868965154319866e+01
1.782362242301416624e-05 2.174868965154806943e+01
1.782362135171742162e-05 2.174868965157417122e+01
1.782362293685990032e-05 2.174868965153978095e+01
1.782362201692779430e-05 2.174868965156133882e+01
1.782362211816092344e-05 2.174868965155950562e+01
1.782362212974375002e-05 2.174868965155934220e+01
1.782362257987588942e-05 2.174868965154929867e+01
1.782362191671848066e-05 2.174868965156483114e+01
1.782362289954308456e-05 2.174868965154197653e+01
1.782362178847352505e-05 2.174868965152248279e+01
1.782362262048394996e-05 2.174868965154059453e+01
1.782362303293732965e-05 2.174868965153596534e+01
1.782362279951906108e-05 2.174868965154275813e+01
1.782362248278349440e-05 2.174868965154977829e+01
1.782361871220450851e-05 2.174868965163677714e+01
1.782362114129993632e-05 2.174868965158196588e+01
1.782362082014114665e-05 2.174868965159006962e+01
1.782362139836462039e-05 2.174868965157656575e+01
1.782362237147160493e-05 2.174868965155412681e+01
1.782362090298639668e-05 2.174868965143902955e+01
1.782362195261376507e-05 2.174868965155337008e+01
1.782362303548015983e-05 2.174868965153572375e+01
1.782362132568881066e-05 2.174868965157449097e+01
1.782362267411350559e-05 2.174868965154541911e+01
1.782362204048177818e-05 2.174868965156071710e+01
1.782362049745850744e-05 2.174868965159666701e+01
1.782362090143798318e-05 2.174868965158720613e+01
1.782362238697829808e-05 2.174868965155360456e+01
1.782362283946624617e-05 2.174868965154316314e+01
1.782362117201830444e-05 2.174868965154798772e+01
1.782362156763294019e-05 2.174868965155693346e+01
1.782362114580615838e-05 2.174868965157251921e+01
1.782362266670529106e-05 2.174868965154367828e+01
1.782362290009534327e-05 2.174868965153959621e+01
1.782362260622786029e-05 2.174868965154673361e+01
1.782362261455123633e-05 2.174868965154734468e+01
1.782362260755652973e-05 2.174868965154785982e+01
1.782362132216782345e-05 2.174868965157777012e+01
1.782362131073030707e-05 2.174868965157824263e+01
1.782362269318376799e-05 2.174868965151233269e+01
1.782362260763714355e-05 2.174868965153551414e+01
1.782362314859593471e-05 2.174868965153032008e+01
1.782362265473190775e-05 2.174868965154369604e+01
1.782362173568323676e-05 2.174868965156523259e+01
1.782362090633856006e-05 2.174868965158517753e+01
1.782362132320762415e-05 2.174868965157642364e+01
1.782362171378624584e-05 2.174868965156799305e+01
1.782362235905575871e-05 2.174868965155351574e+01
1.782362084431238716e-05 2.174868965158864853e+01
1.782362300236072435e-05 2.174868965146939814e+01
1.782362314818244711e-05 2.174868965152110789e+01
1.782362283879125578e-05 2.174868965153631351e+01
1.782362178098736993e-05 2.174868965156087697e+01
1.782362199886125577e-05 2.174868965155829770e+01
1.782362240807431431e-05 2.174868965155097911e+01
1.782362283081726390e-05 2.174868965154171008e+01
1.782362232459455868e-05 2.174868965155350509e+01
1.782362274351747777e-05 2.174868965154445988e+01
