3.581866224463274762e+01 3.632338398101403918e-06
3.581866224464819481e+01 3.632337756024743201e-06
3.581866224465062487e+01 3.632337668543502705e-06
3.581866224461178660e+01 3.632337780096445051e-06
3.581866224453708014e+01 3.632338288866545109e-06
3.581866224465748871e+01 3.632338324623636942e-06
3.581866224456408787e+01 3.632338109949861055e-06
3.581866224467420068e+01 3.632338252662833131e-06
3.581866224451923131e+01 3.632338351103552987e-06
3.581866224452155478e+01 3.632338322695069553e-06
3.581866224455013281e+01 3.632338211979252833e-06
3.581866224458877213e+01 3.632338065520037838e-06
3.581866224440471314e+01 3.632338253916190324e-06
3.581866224480280891e+01 3.632336906693237366e-06
3.581866224455072967e+01 3.632338217193563940e-06
3.581866224455964698e+01 3.632338140887800864e-06
3.581866224469668225e+01 3.632338205346616397e-06
3.581866224438996937e+01 3.632338087471991456e-06
3.581866224453074210e+01 3.632338279540449356e-06
3.581866224454410030e+01 3.632338222599347267e-06
3.581866224466352833e+01 3.632338315073461588e-06
3.581866224453533221e+01 3.632338310476424895e-06
3.581866224442153168e+01 3.632338188861665413e-06
3.581866224474651972e+01 3.632337238158222491e-06
3.581866224477087712e+01 3.632337960769391357e-06
3.581866224456545211e+01 3.632338106018851874e-06
3.581866224457763792e+01 3.632338019258893390e-06
3.581866224440401680e+01 3.632338319950969948e-06
3.581866224457287018e+01 3.632338068477132348e-06
3.581866224452797809e+01 3.632338334649820249e-06
3.581866224478218186e+01 3.632337116598562926e-06
3.581866224440765478e+01 3.632338245540846703e-06
3.581866224484708283e+01 3.632336750914585991e-06
3.581866224458079273e+01 3.632338040679241931e-06
3.581866224453426639e+01 3.632338312820403076e-06
3.581866224458125458e+01 3.632337970350215752e-06
3.581866224440157964e+01 3.632338298549649579e-06
3.581866224454834224e+01 3.632338228296957586e-06
3.581866224440864954e+01 3.632338196313252689e-06
3.581866224471827564e+01 3.632338132320912176e-06
3.581866224486691408e+01 3.632336656742049909e-06
3.581866224439798430e+01 3.632337902363896358e-06
3.581866224453118974e+01 3.632338326197167507e-06
3.581866224470274318e+01 3.632338185915138486e-06
3.581866224469519011e+01 3.632338208667802090e-06
3.581866224479019678e+01 3.632337102159234202e-06
3.581866224479929883e+01 3.632337058286588411e-06
3.581866224453570169e+01 3.632338307466370920e-06
3.581866224465888138e+01 3.632337654034724903e-06
3.581866224487238526e+01 3.632336613276499164e-06
3.581866224453195713e+01 3.632338320200642650e-06
3.581866224442534019e+01 3.632338014410696605e-06
3.581866224476240035e+01 3.632337985807544671e-06
3.581866224492533490e+01 3.632337511601622677e-06
3.581866224519505693e+01 3.632336844665450437e-06
3.581866224453290215e+01 3.632338300543843387e-06
3.581866224468393511e+01 3.632337561138699660e-06
3.581866224475644600e+01 3.632338009728739777e-06
3.581866224441083091e+01 3.632338035996485504e-06
3.581866224512949515e+01 3.632336983633970644e-06
4.841169011773452380e-01 3.800224788853031299e+01
3.581866224489677819e+01 3.632336572199511873e-06
3.581866224458378412e+01 3.632338014977832597e-06
3.581866224440745583e+01 3.632337975499281605e-06
3.581866224484000583e+01 3.632336821390309806e-06
3.581866224439695401e+01 3.632338083319096066e-06
3.581866224449630209e+01 3.632336874963657601e-06
3.581866224479860250e+01 3.632336974335837567e-06
3.581866224440806690e+01 3.632338171011980026e-06
3.581866224482276806e+01 3.632336842186636046e-06
3.581866224468017634e+01 3.632338255747082109e-06
3.581866224440176438e+01 3.632338293813087078e-06
3.581866224470990545e+01 3.632338167895110115e-06
3.581866224508339513e+01 3.632337055770592661e-06
3.581866224509272456e+01 3.632337042018155565e-06
3.581866224470672222e+01 3.632338180538495633e-06
3.581866224471229287e+01 3.632338150819005519e-06
3.581866224467835735e+01 3.632338259683036268e-06
3.581866224481123595e+01 3.632336837602036761e-06
3.581866224455117020e+01 3.632338214557970102e-06
3.581866224453441561e+01 3.632338318235749829e-06
3.581866224456938852e+01 3.632338117494989992e-06
3.581866224488420158e+01 3.632336623941383006e-06
3.581866224441284174e+01 3.632338135694784166e-06
3.581866224453543879e+01 3.632338311285914801e-06
3.581866224467265170e+01 3.632338283995666899e-06
3.581866224440486235e+01 3.632338300770537779e-06
3.581866224483042771e+01 3.632336808268467564e-06
3.581866224486093131e+01 3.632336608408365341e-06
3.581866224458902792e+01 3.632337979574800112e-06
4.841169012709310437e-01 3.800224788576144874e+01
3.581866224455595216e+01 3.632338179645883843e-06
3.581866224481193228e+01 3.632337858673970820e-06
3.581866224440836532e+01 3.632338234224922749e-06
3.581866224453837333e+01 3.632338282669009592e-06
3.581866224466403281e+01 3.632338303026372442e-06
3.581866224440007329e+01 3.632338249209518768e-06
3.581866224488107520e+01 3.632337668906298351e-06
3.581866224511762908e+01 3.632336980538094868e-06
