9.895307155862362834e-04 3.119432258596869190e+01
1.509318529940269826e+01 1.300450882724303462e-03
1.509318529933979036e+01 1.300450880759295878e-03
1.509318529931497110e+01 1.300450882803404684e-03
1.509318529941703524e+01 1.300450880410061131e-03
1.509318529942278886e+01 1.300450880153896467e-03
1.509318529939352871e+01 1.300450882933319860e-03
1.509318529936826891e+01 1.300450882765193062e-03
1.509318529940354736e+01 1.300450880475219079e-03
1.509318529935108799e+01 1.300450879471003272e-03
9.895307157224354951e-04 3.119432258596349783e+01
1.509318529944182785e+01 1.300450880168326330e-03
1.509318529940893150e+01 1.300450882370376504e-03
1.509318529942508214e+01 1.300450881250641991e-03
1.509318529943400655e+01 1.300450880568027436e-03
1.509318529942920151e+01 1.300450880788897850e-03
1.509318529940205522e+01 1.300450882609091368e-03
1.509318529941677234e+01 1.300450880623557886e-03
1.509318529939728926e+01 1.300450882254035757e-03
1.509318529940459008e+01 1.300450882182947005e-03
9.895307164792574006e-04 3.119432258590446949e+01
9.895307150247991020e-04 3.119432258598535412e+01
9.895307163863343355e-04 3.119432258594354224e+01
1.509318529942045828e+01 1.300450881552734110e-03
1.509318529943223375e+01 1.300450880813868761e-03
1.509318529940581932e+01 1.300450882482821714e-03
1.509318529940216003e+01 1.300450882687926310e-03
1.509318529942129672e+01 1.300450881339418850e-03
1.509318529944173015e+01 1.300450879780502009e-03
1.509318529943249132e+01 1.300450880461949529e-03
9.895307167893407398e-04 3.119432258591991669e+01
9.895307149926117415e-04 3.119432258598537899e+01
9.895307171996891443e-04 3.119432258591766072e+01
1.509318529943401899e+01 1.300450880692566921e-03
1.509318529942022025e+01 1.300450881661336690e-03
1.509318529944090059e+01 1.300450880153582265e-03
1.509318529943098852e+01 1.300450880835319701e-03
1.509318529944027709e+01 1.300450880295774946e-03
1.509318529941258902e+01 1.300450882051428078e-03
1.509318529941655385e+01 1.300450881704513740e-03
9.895307162629735954e-04 3.119432258592504326e+01
9.895307172045689215e-04 3.119432258591608331e+01
9.895307140013137690e-04 3.119432258601720065e+01
9.895307155911999778e-04 3.119432258596835439e+01
9.895307169601992928e-04 3.119432258592551577e+01
1.509318529943096543e+01 1.300450880968047514e-03
1.509318529944169995e+01 1.300450880273522998e-03
1.509318529944602716e+01 1.300450879941098372e-03
1.509318529941016251e+01 1.300450882240650847e-03
1.509318529942868459e+01 1.300450880971125781e-03
9.895307150377652926e-04 3.119432258593686313e+01
9.895307171070319256e-04 3.119432258591669083e+01
9.895307145282822119e-04 3.119432258599989538e+01
9.895307156941918116e-04 3.119432258596504681e+01
9.895307151273171394e-04 3.119432258598274288e+01
9.895307150795183519e-04 3.119432258598461161e+01
1.509318529941265830e+01 1.300450882148498867e-03
1.509318529941961806e+01 1.300450881604657419e-03
1.509318529946207299e+01 1.300450878922604272e-03
1.509318529943124787e+01 1.300450880822464966e-03
9.895307173240438809e-04 3.119432258584511430e+01
9.895307142748454004e-04 3.119432258599971064e+01
9.895307142697487828e-04 3.119432258600762609e+01
9.895307160608208478e-04 3.119432258595285390e+01
9.895307171356500925e-04 3.119432258591978879e+01
9.895307155487046737e-04 3.119432258596986074e+01
1.509318529943201348e+01 1.300450880904525843e-03
1.509318529942573583e+01 1.300450881233314706e-03
1.509318529943829112e+01 1.300450880476055433e-03
1.509318529941313258e+01 1.300450882039049958e-03
9.895307169542975467e-04 3.119432258590909512e+01
9.895307169111081363e-04 3.119432258591953300e+01
9.895307171449842058e-04 3.119432258591659846e+01
9.895307174034304650e-04 3.119432258591049489e+01
9.895307120831111931e-04 3.119432258607676189e+01
9.895307169339418677e-04 3.119432258592604512e+01
9.895307165908443555e-04 3.119432258593706564e+01
9.895307073145825222e-04 3.119432258622831711e+01
1.509318529943593745e+01 1.300450880567553206e-03
1.509318529945931608e+01 1.300450879029269383e-03
9.895307156198508876e-04 3.119432258592310347e+01
9.895307158315188104e-04 3.119432258594800089e+01
9.895307168957226569e-04 3.119432258592335216e+01
9.895307173960234126e-04 3.119432258591058016e+01
9.895307159733174925e-04 3.119432258595548291e+01
9.895307161538412742e-04 3.119432258595055529e+01
9.895307148786820425e-04 3.119432258599074714e+01
9.895307150178775553e-04 3.119432258598651586e+01
9.895307155012350499e-04 3.119432258597135288e+01
1.509318529942734699e+01 1.300450881165714917e-03
9.895307158845141789e-04 3.119432258585332463e+01
9.895307162684509848e-04 3.119432258592926033e+01
9.895307161268001878e-04 3.119432258594589413e+01
9.895307152983153377e-04 3.119432258597362662e+01
9.895307152439562597e-04 3.119432258597725038e+01
9.895307150558556395e-04 3.119432258598461871e+01
9.895307171806429648e-04 3.119432258591830376e+01
9.895307169384018418e-04 3.119432258592603802e+01
9.895307105078992270e-04 3.119432258612800979e+01
