1.103057440299610439e-06 4.396065139782675146e+01
1.103057602011744762e-06 4.396065139781714493e+01
3.455039155153872343e+01 1.990094408483754004e-02
3.455039155150132757e+01 1.990094408627592765e-02
3.455039155154735653e+01 1.990094408587303812e-02
3.455039155156498509e+01 1.990094408484498548e-02
3.455039155159506947e+01 1.990094408325658246e-02
3.455039155152205410e+01 1.990094408655110683e-02
3.455039155152108776e+01 1.990094408724719585e-02
3.455039155151612107e+01 1.990094408682541519e-02
1.103056970136415132e-06 4.396065139785462605e+01
1.103057764494561753e-06 4.396065139780673547e+01
1.103056773850682891e-06 4.396065139786966824e+01
1.103057877152555352e-06 4.396065139779995690e+01
1.103057280146921582e-06 4.396065139783797804e+01
1.103056531466951100e-06 4.396065139788564835e+01
3.455039155155089503e+01 1.990094408575297791e-02
3.455039155153627917e+01 1.990094408654197178e-02
3.455039155161703945e+01 1.990094408172253179e-02
3.455039155154798181e+01 1.990094408595435155e-02
1.103055963240405208e-06 4.396065139787615550e+01
1.103057068320403749e-06 4.396065139784857934e+01
1.103057785312270281e-06 4.396065139780497333e+01
1.103057173504206150e-06 4.396065139784425213e+01
1.103057308441964859e-06 4.396065139783596010e+01
1.103056749512367680e-06 4.396065139787143750e+01
1.103057601669508935e-06 4.396065139781752151e+01
1.103057646368269983e-06 4.396065139781472908e+01
3.455039155156151054e+01 1.990094408518224001e-02
1.103057599137865734e-06 4.396065139781778441e+01
1.103057396199135232e-06 4.396065139781845232e+01
1.103057769337834524e-06 4.396065139780423436e+01
1.103057765887255654e-06 4.396065139780530018e+01
1.103057676655728087e-06 4.396065139781219244e+01
1.103057297181696688e-06 4.396065139783601694e+01
1.103055780699775393e-06 4.396065139793284970e+01
1.103057794462422256e-06 4.396065139780517228e+01
1.103057889554255901e-06 4.396065139779908293e+01
1.103057367026582974e-06 4.396065139783240738e+01
1.103057660760276670e-06 4.396065139781384801e+01
1.103056649386352320e-06 4.396065139785250153e+01
1.103057258141335108e-06 4.396065139783488007e+01
1.103057117587655845e-06 4.396065139784547426e+01
1.103057655754256895e-06 4.396065139781267561e+01
1.103056727290642327e-06 4.396065139787158671e+01
1.103056602933877105e-06 4.396065139787992138e+01
1.103056544041037253e-06 4.396065139788375831e+01
1.103055981005341348e-06 4.396065139791996756e+01
1.103056116764429789e-06 4.396065139791168264e+01
1.103056515962985183e-06 4.396065139788635889e+01
1.103054605695185824e-06 4.396065139794225729e+01
1.103057618687463025e-06 4.396065139781037345e+01
1.103057832694317145e-06 4.396065139780030506e+01
1.103057336174278620e-06 4.396065139783260634e+01
1.103056793662677860e-06 4.396065139786646370e+01
1.103057503695816152e-06 4.396065139782262321e+01
1.103057236437596237e-06 4.396065139783987519e+01
1.103057669803138158e-06 4.396065139781289588e+01
1.103056870304105058e-06 4.396065139786343678e+01
1.103056755771561478e-06 4.396065139787085485e+01
1.103054474777370308e-06 4.396065139785029174e+01
1.103057168269545501e-06 4.396065139783699038e+01
1.103057489775929748e-06 4.396065139782138687e+01
1.103056984679048629e-06 4.396065139785357445e+01
1.103057741492207659e-06 4.396065139780708364e+01
1.103057022803751922e-06 4.396065139785289944e+01
1.103053641818634414e-06 4.396065139806663069e+01
1.103057583420670707e-06 4.396065139781784126e+01
1.103057586061311590e-06 4.396065139781808995e+01
1.103057209110975470e-06 4.396065139784197839e+01
1.103055836920484006e-06 4.396065139789788390e+01
1.103057460488437026e-06 4.396065139781718045e+01
1.103056200881261984e-06 4.396065139789748599e+01
1.103057459789225304e-06 4.396065139782317033e+01
1.103057798352061500e-06 4.396065139780297670e+01
1.103057532448078920e-06 4.396065139782000841e+01
1.103056819507230256e-06 4.396065139786541920e+01
1.103057649140527716e-06 4.396065139781357800e+01
1.103057678069337773e-06 4.396065139781197217e+01
1.103057524646410385e-06 4.396065139782179898e+01
1.103057049645697048e-06 4.396065139781870101e+01
1.103057201755721250e-06 4.396065139783076603e+01
1.103056232797957257e-06 4.396065139789440224e+01
1.103057756431475557e-06 4.396065139780466779e+01
1.103057257900187793e-06 4.396065139783647169e+01
1.103057616804855219e-06 4.396065139781484987e+01
1.103057558499932254e-06 4.396065139781882181e+01
1.103057820392033489e-06 4.396065139780260012e+01
1.103057730694754479e-06 4.396065139780841236e+01
1.103057481113356831e-06 4.396065139782434983e+01
1.103055558501310321e-06 4.396065139782169950e+01
1.103057699282211522e-06 4.396065139779783237e+01
1.103057468475927649e-06 4.396065139781951814e+01
1.103057686201679712e-06 4.396065139780807129e+01
1.103056294141250508e-06 4.396065139789530463e+01
1.103057660808208359e-06 4.396065139781183717e+01
1.103057244165587093e-06 4.396065139783803488e+01
1.103057705442960186e-06 4.396065139780947106e+01
1.103057193128256155e-06 4.396065139784199971e+01
