2.980449848370178394e-03 3.771706747741841070e+01
2.980449846765135906e-03 3.771706747759314027e+01
5.363852421603983345e+01 1.082757311071452649e-01
5.363852421557059102e+01 1.082757311209711776e-01
5.363852421556796912e+01 1.082757311210364726e-01
5.363852421558092942e+01 1.082757311206574702e-01
5.363852421618254596e+01 1.082757311029699659e-01
5.363852421579919394e+01 1.082757311142431428e-01
5.363852421611523624e+01 1.082757311049553223e-01
5.363852421615053601e+01 1.082757311038658604e-01
2.980449848689024905e-03 3.771706747738390675e+01
2.980449848219051019e-03 3.771706747743408528e+01
2.980449844987510984e-03 3.771706747778702606e+01
2.980449847635221160e-03 3.771706747749961863e+01
2.980449848467589188e-03 3.771706747740857679e+01
2.980449848479175840e-03 3.771706747740694254e+01
2.980449848614104367e-03 3.771706747739271037e+01
5.363852421597162845e+01 1.082757311091186309e-01
5.363852421558411265e+01 1.082757311205692352e-01
5.363852421627360201e+01 1.082757311002988804e-01
2.980449848471699182e-03 3.771706747740161347e+01
2.980449846309069731e-03 3.771706747764189771e+01
2.980449847275363617e-03 3.771706747753896138e+01
2.980449846038673179e-03 3.771706747766985757e+01
2.980449848598651450e-03 3.771706747739323617e+01
2.980449848552586736e-03 3.771706747739931131e+01
2.980449846598871334e-03 3.771706747761349021e+01
2.980449848362520891e-03 3.771706747741995258e+01
2.980449843940462685e-03 3.771706747790616276e+01
2.980449848204857512e-03 3.771706747743742483e+01
2.980449848702587407e-03 3.771706747738077325e+01
2.980449848887481174e-03 3.771706747736291732e+01
2.980449846765033991e-03 3.771706747759058231e+01
2.980449846723577569e-03 3.771706747759554901e+01
2.980449848808015226e-03 3.771706747737163568e+01
2.980449848723565852e-03 3.771706747738085141e+01
2.980449845692919372e-03 3.771706747771126800e+01
2.980449846284282701e-03 3.771706747764693546e+01
2.980449846680228131e-03 3.771706747760292444e+01
2.980449846956652413e-03 3.771706747757360034e+01
2.980449847151058970e-03 3.771706747754004851e+01
2.980449847482326536e-03 3.771706747751509425e+01
2.980449848106300932e-03 3.771706747744800481e+01
2.980449848668460192e-03 3.771706747738700471e+01
2.980449847524301640e-03 3.771706747751119337e+01
2.980449847977713253e-03 3.771706747746063826e+01
2.980449846734128157e-03 3.771706747759848355e+01
2.980449848312303248e-03 3.771706747742407373e+01
2.980449845378242701e-03 3.771706747774205581e+01
2.980449848655055117e-03 3.771706747738820553e+01
2.980449848793904118e-03 3.771706747736721610e+01
2.980449846386575875e-03 3.771706747763511913e+01
2.980449847209694792e-03 3.771706747754537048e+01
2.980449848733944702e-03 3.771706747737874110e+01
2.980449848342556825e-03 3.771706747742120314e+01
2.980449848612146731e-03 3.771706747739278143e+01
2.980449848694708293e-03 3.771706747738382859e+01
2.980449848485236097e-03 3.771706747740624621e+01
2.980449845924723964e-03 3.771706747768542556e+01
2.980449848267964150e-03 3.771706747742884858e+01
2.980449848023972691e-03 3.771706747742795329e+01
2.980449847957965161e-03 3.771706747746238619e+01
2.980449848421044389e-03 3.771706747741298216e+01
2.980449848212865429e-03 3.771706747743606769e+01
2.980449846994421247e-03 3.771706747756644518e+01
2.980449848602473046e-03 3.771706747739418120e+01
2.980449846444288391e-03 3.771706747763013823e+01
2.980449846372524615e-03 3.771706747763640521e+01
2.980449848479554010e-03 3.771706747740724097e+01
2.980449846216955915e-03 3.771706747765096424e+01
2.980449848375686574e-03 3.771706747741382770e+01
2.980449848619567011e-03 3.771706747739009558e+01
2.980449848838057168e-03 3.771706747736692478e+01
2.980449847417696810e-03 3.771706747752176625e+01
2.980449846562673293e-03 3.771706747761606948e+01
2.980449848535404300e-03 3.771706747740129373e+01
2.980449848674018680e-03 3.771706747738535626e+01
2.980449848472534451e-03 3.771706747740784493e+01
2.980449845744236395e-03 3.771706747770537760e+01
2.980449848782540812e-03 3.771706747737431442e+01
2.980449848473135099e-03 3.771706747739816734e+01
2.980449847587661114e-03 3.771706747750005917e+01
2.980449846154183211e-03 3.771706747765911416e+01
2.980449847133047770e-03 3.771706747755011691e+01
2.980449848356984087e-03 3.771706747741914967e+01
2.980449848732257250e-03 3.771706747738002719e+01
2.980449848761629154e-03 3.771706747737690080e+01
2.980449847537580514e-03 3.771706747750993571e+01
2.980449848803211777e-03 3.771706747737206911e+01
2.980449846522419035e-03 3.771706747762002010e+01
2.980449845820278432e-03 3.771706747763371936e+01
2.980449848091786067e-03 3.771706747744241284e+01
2.980449847986788026e-03 3.771706747745709976e+01
2.980449846228539531e-03 3.771706747765191636e+01
2.980449847568618620e-03 3.771706747750329924e+01
2.980449846084097347e-03 3.771706747766393164e+01
2.980449846706693506e-03 3.771706747759922251e+01
2.980449848441470324e-03 3.771706747741073684e+01
2.980449846830079182e-03 3.771706747758635458e+01
