3.094423022610506280e+01 5.592003922157340323e-02
3.094423022829042580e+01 5.592003920306372333e-02
3.094423022757164077e+01 5.592003920912081566e-02
3.094423022669245427e+01 5.592003921649317533e-02
3.094423022559241687e+01 5.592003922587606562e-02
3.094423022546510538e+01 5.592003922694600143e-02
3.094423023085234448e+01 5.592003918196936096e-02
3.094423022723591288e+01 5.592003921194679122e-02
3.094423022784037869e+01 5.592003920685630070e-02
3.094423022870643791e+01 5.592003919962638958e-02
3.094423022437956661e+01 5.592003923606472110e-02
3.094423022464377482e+01 5.592003923386493908e-02
3.094423022128371059e+01 5.592003926204502928e-02
3.094423022445922911e+01 5.592003923541501165e-02
3.094423022385718269e+01 5.592003924071218407e-02
3.094423022928432943e+01 5.592003919474034662e-02
3.094423022433870685e+01 5.592003923642505092e-02
3.094423023083140123e+01 5.592003918187180012e-02
3.094423025147881035e+01 5.592003900924818333e-02
3.094423022550730806e+01 5.592003922659580240e-02
3.094423022441380056e+01 5.592003923577655577e-02
3.094423022546284230e+01 5.592003922698071672e-02
3.094423022741165852e+01 5.592003921051192511e-02
3.094423022719863781e+01 5.592003921225735530e-02
3.094423022801728607e+01 5.592003920592526767e-02
3.094423022823909974e+01 5.592003920406492939e-02
3.094423022953167290e+01 5.592003919311937243e-02
3.094423022678048341e+01 5.592003921635969876e-02
3.094423022864892658e+01 5.592003920010806678e-02
3.094423022416139091e+01 5.592003923791512288e-02
3.094423022517932154e+01 5.592003922936416432e-02
3.094423022591209360e+01 5.592003922320188530e-02
3.094423028319901192e+01 5.592003873618602711e-02
3.094423022720167538e+01 5.592003921223160506e-02
3.094423022731109185e+01 5.592003921130947464e-02
3.094423022729830564e+01 5.592003921141655565e-02
3.094423022463956841e+01 5.592003923388257081e-02
3.094423022617189645e+01 5.592003922099982038e-02
3.094423023087978919e+01 5.592003918166071896e-02
3.094423022439079674e+01 5.592003923598961451e-02
3.094423022567476522e+01 5.592003922519968306e-02
3.094423022578189375e+01 5.592003922429741175e-02
3.094423022547208291e+01 5.592003922690304968e-02
3.094423022480649266e+01 5.592003923249798392e-02
3.094423022459261574e+01 5.592003923428702505e-02
3.094423022572935267e+01 5.592003922473595678e-02
3.094423022596341255e+01 5.592003922276714972e-02
3.094423022121792854e+01 5.592003926261671781e-02
3.094423023142062945e+01 5.592003917702026428e-02
3.094423022587481853e+01 5.592003922351026363e-02
3.094423022138816037e+01 5.592003926119811646e-02
3.094423022945660406e+01 5.592003919379973098e-02
3.094423022600487982e+01 5.592003922242152342e-02
3.094423022534097356e+01 5.592003922800487664e-02
3.094423022663952239e+01 5.592003921699397612e-02
3.094423022509409549e+01 5.592003923008031369e-02
3.094423022383151078e+01 5.592003924075319293e-02
3.094423022465743855e+01 5.592003923373000535e-02
3.094423023153505881e+01 5.592003917606391122e-02
3.094423022833883152e+01 5.592003920274139089e-02
3.094423022564394188e+01 5.592003922545964872e-02
3.094423022046730409e+01 5.592003926886104925e-02
3.094423022592026129e+01 5.592003922313387027e-02
3.094423022453034733e+01 5.592003923479595129e-02
3.094423022525602107e+01 5.592003922871912475e-02
3.094423022571368165e+01 5.592003922487012030e-02
3.094423022770968146e+01 5.592003920856676580e-02
3.094423022785384347e+01 5.592003920673875583e-02
3.094423022034312964e+01 5.592003926989606161e-02
3.094423023506377746e+01 5.592003914588403179e-02
3.094423022462851236e+01 5.592003923397106252e-02
3.094423022521483446e+01 5.592003922906828989e-02
3.094423022495779918e+01 5.592003923122686182e-02
3.094423022851942306e+01 5.592003920175273035e-02
3.094423022437220183e+01 5.592003923615016664e-02
3.094423022464777162e+01 5.592003923380882424e-02
3.094423022454526162e+01 5.592003923467057241e-02
3.094423022773381504e+01 5.592003920774950287e-02
3.094423022528888367e+01 5.592003922844099306e-02
3.094423022482893160e+01 5.592003923230829537e-02
3.094423022454633099e+01 5.592003923468598370e-02
3.094423022529629819e+01 5.592003922838253288e-02
3.094423022504928866e+01 5.592003923045816421e-02
3.094423023000341288e+01 5.592003918917392430e-02
3.094423022461849015e+01 5.592003923405519661e-02
3.094423022524129863e+01 5.592003922884197092e-02
3.094423022449534955e+01 5.592003923509021590e-02
3.094423022940042856e+01 5.592003919428471109e-02
3.094423022618826735e+01 5.592003922086817569e-02
3.094423022979437832e+01 5.592003919094551412e-02
3.094423022496579634e+01 5.592003923115897168e-02
3.094423022451110228e+01 5.592003923495809936e-02
3.094423022609509033e+01 5.592003922166258884e-02
3.094423022457776895e+01 5.592003923439704122e-02
3.094423022827039915e+01 5.592003920322938249e-02
3.094423022515573507e+01 5.592003922956308160e-02
3.094423022752370755e+01 5.592003920951917756e-02
3.094423022459746875e+01 5.592003923423130574e-02
3.094423022194890649e+01 5.592003925640612327e-02
