4.401052290368416386e+00 3.086860110146633779e-02
4.401052290417080570e+00 3.086860109460328599e-02
4.401052290154804147e+00 3.086860113158539781e-02
4.401052290042912318e+00 3.086860114732537658e-02
4.401052290368022035e+00 3.086860110144680133e-02
4.401052290393727695e+00 3.086860109781562264e-02
4.401052290337252870e+00 3.086860110582636402e-02
4.401052290051223004e+00 3.086860114596374702e-02
4.401052290388690835e+00 3.086860109814867220e-02
4.401052290143863566e+00 3.086860113308024720e-02
4.401052290434047443e+00 3.086860109221555709e-02
4.401052290382335919e+00 3.086860109952570957e-02
4.401052290385521815e+00 3.086860109907652028e-02
4.401052290372974518e+00 3.086860110083093287e-02
4.401052290406940237e+00 3.086860109605303604e-02
4.401052290380728316e+00 3.086860109972050861e-02
4.401052290403451472e+00 3.086860109651030915e-02
4.401052290385061738e+00 3.086860109903936597e-02
4.401052290356940233e+00 3.086860110298706231e-02
4.401052290391323396e+00 3.086860109818280809e-02
3.235479607888404052e-01 5.583150177200315589e+00
4.401052290451918481e+00 3.086860108968622618e-02
4.401052290419850799e+00 3.086860109421902740e-02
4.401052290430328640e+00 3.086860109273023567e-02
4.401052290418604684e+00 3.086860109437805297e-02
4.401052290406946454e+00 3.086860109601987853e-02
4.401052290415715440e+00 3.086860109480115202e-02
4.401052290407212908e+00 3.086860109598762655e-02
4.401052290383869803e+00 3.086860109927207566e-02
4.401052290411049839e+00 3.086860109542763700e-02
3.235479606051815948e-01 5.583150177892227006e+00
4.401052290479104734e+00 3.086860108585025991e-02
4.401052290448582482e+00 3.086860109016999545e-02
4.401052290421444191e+00 3.086860109400224941e-02
4.401052290438835612e+00 3.086860109153475099e-02
4.401052290405151446e+00 3.086860109627329388e-02
4.401052290402890144e+00 3.086860109662100879e-02
4.401052290416090251e+00 3.086860109475217037e-02
4.401052290405034206e+00 3.086860109632422883e-02
4.401052290389515065e+00 3.086860109851570153e-02
3.235479607921831202e-01 5.583150177187584440e+00
3.235479605617292975e-01 5.583150178055901414e+00
4.401052290465351291e+00 3.086860108779599515e-02
4.401052290439729120e+00 3.086860109141660938e-02
4.401052290430079950e+00 3.086860109278735664e-02
4.401052290423767666e+00 3.086860109366183422e-02
4.401052290421047175e+00 3.086860109404632527e-02
4.401052290422330593e+00 3.086860109387773790e-02
4.401052290397643674e+00 3.086860109733344237e-02
4.401052290411886503e+00 3.086860109535679436e-02
3.235479607908195443e-01 5.583150177192933050e+00
3.235479605992400698e-01 5.583150177914594003e+00
4.401052290543496781e+00 3.086860107675652373e-02
4.401052290459356975e+00 3.086860108863887647e-02
4.401052290445867321e+00 3.086860109055121135e-02
4.401052290442576620e+00 3.086860109100640279e-02
4.401052290447154292e+00 3.086860109035479902e-02
4.401052290402786227e+00 3.086860109662108165e-02
4.401052290428531855e+00 3.086860109298754720e-02
4.401052290426495261e+00 3.086860109328947929e-02
3.235479607461139162e-01 5.583150177361296151e+00
3.235479605731965136e-01 5.583150178013325693e+00
3.235479605688040272e-01 5.583150178029619326e+00
4.401052290454699367e+00 3.086860108929443194e-02
4.401052290442295067e+00 3.086860109104652347e-02
4.401052290437665881e+00 3.086860109171820840e-02
4.401052290445484516e+00 3.086860109059291063e-02
4.401052290406589407e+00 3.086860109608188796e-02
4.401052290433028702e+00 3.086860109235162533e-02
4.401052290403494993e+00 3.086860109651258510e-02
3.235479606730247149e-01 5.583150177636126976e+00
3.235479605935850378e-01 5.583150177936475167e+00
3.235479605710107620e-01 5.583150178021033305e+00
3.235479604456494851e-01 5.583150178490567939e+00
4.401052290449646520e+00 3.086860109000902005e-02
4.401052290453483451e+00 3.086860108947691445e-02
4.401052290442277304e+00 3.086860109106246211e-02
4.401052290445620407e+00 3.086860109056924900e-02
4.401052290403329792e+00 3.086860109654250214e-02
4.401052290444970261e+00 3.086860109066464145e-02
3.235479607795894719e-01 5.583150177235306266e+00
3.235479605556460525e-01 5.583150178078400749e+00
3.235479605749223553e-01 5.583150178006355269e+00
3.235479605458785324e-01 5.583150178115475093e+00
4.401052290492520669e+00 3.086860108395375266e-02
4.401052290437205805e+00 3.086860109175048120e-02
4.401052290439916526e+00 3.086860109138268166e-02
4.401052290443928428e+00 3.086860109080582712e-02
4.401052290433527858e+00 3.086860109229664847e-02
4.401052290449168680e+00 3.086860109007431158e-02
3.235479608038893673e-01 5.583150177143743065e+00
3.235479606004035280e-01 5.583150177910309431e+00
3.235479605719852048e-01 5.583150178017278087e+00
3.235479605738659781e-01 5.583150178010965803e+00
3.235479605385047641e-01 5.583150178143251985e+00
4.401052290462105887e+00 3.086860108824493465e-02
4.401052290449126048e+00 3.086860109009052777e-02
4.401052290458439487e+00 3.086860108876316247e-02
4.401052290456744842e+00 3.086860108900145450e-02
