4.000741577161890206e+01 5.803738015902202275e-06
4.000741577157369022e+01 5.803738984814575467e-06
4.000741577155999096e+01 5.803738175509350668e-06
4.000741577155373818e+01 5.803737120560379200e-06
4.000741577155954332e+01 5.803739028418019788e-06
4.000741577157140938e+01 5.803738767178379774e-06
4.000741577162995810e+01 5.803737380235192760e-06
4.000741577161991813e+01 5.803735889086190762e-06
4.000741577155422135e+01 5.803739000060560348e-06
4.000741577153871020e+01 5.803738755250363555e-06
1.779886266060490480e-04 4.481336212168333333e+01
4.000741577161284113e+01 5.803738130873547673e-06
4.000741577157332074e+01 5.803738988562991873e-06
4.000741577156607320e+01 5.803739131120764643e-06
4.000741577156597373e+01 5.803739113623367035e-06
4.000741577169958418e+01 5.803736049858070444e-06
4.000741577169505803e+01 5.803736091271582231e-06
4.000741577156283313e+01 5.803738988811070036e-06
4.000741577157860718e+01 5.803738524881758334e-06
4.000741577164942697e+01 5.803737018450891987e-06
1.779886255657675532e-04 4.481336212169053823e+01
1.779886259261875532e-04 4.481336212171476774e+01
4.000741577163395846e+01 5.803737688326663695e-06
4.000741577162001761e+01 5.803737965385773094e-06
4.000741577163046259e+01 5.803737710180698186e-06
4.000741577157267415e+01 5.803738991010522373e-06
4.000741577158484574e+01 5.803738700039938666e-06
4.000741577158851925e+01 5.803738602670887436e-06
4.000741577160596307e+01 5.803738145747624104e-06
4.000741577168524543e+01 5.803736372886600638e-06
1.779886261542626804e-04 4.481336212169323119e+01
1.779886250982529628e-04 4.481336212175219202e+01
1.779886249657236942e-04 4.481336212175929745e+01
4.000741577167836738e+01 5.803736701208821632e-06
4.000741577166733265e+01 5.803736950033526843e-06
4.000741577163203999e+01 5.803737677296515952e-06
4.000741577161946338e+01 5.803737948277275417e-06
4.000741577167126195e+01 5.803736810692413360e-06
4.000741577164266261e+01 5.803737406164937189e-06
4.000741577168869867e+01 5.803736316569479770e-06
1.779886263699357002e-04 4.481336212167664002e+01
1.779886268245434058e-04 4.481336212167218491e+01
1.779886247630976651e-04 4.481336212176847766e+01
4.000741577158328965e+01 5.803738797818154244e-06
4.000741577163653773e+01 5.803737632366962778e-06
4.000741577170825281e+01 5.803736051900749689e-06
4.000741577171066155e+01 5.803735993572188151e-06
4.000741577170688856e+01 5.803736036387079527e-06
4.000741577158458995e+01 5.803738719701086173e-06
4.000741577162749252e+01 5.803737761251594288e-06
1.779886261023380157e-04 4.481336212167535393e+01
1.779886258480715456e-04 4.481336212171351718e+01
1.779886248163350818e-04 4.481336212176516653e+01
4.000741577158969875e+01 5.803738658778094058e-06
1.779886263055659396e-04 4.481336212169745181e+01
4.000741577165105411e+01 5.803737317527281149e-06
4.000741577159207196e+01 5.803738594794544899e-06
4.000741577160704310e+01 5.803738246096596535e-06
4.000741577163596219e+01 5.803737615121613376e-06
4.000741577164233576e+01 5.803737463121104605e-06
1.779886258821463123e-04 4.481336212162131716e+01
1.779886264673200946e-04 4.481336212168547206e+01
1.779886264802698866e-04 4.481336212168852740e+01
1.779886246663398583e-04 4.481336212177282619e+01
1.779886241564737561e-04 4.481336212179692780e+01
4.000741577163655904e+01 5.803737633200825210e-06
4.000741577163508111e+01 5.803737656707700503e-06
4.000741577160891893e+01 5.803738230862104197e-06
4.000741577161409168e+01 5.803738099052848339e-06
4.000741577168595597e+01 5.803736515859918455e-06
1.779886263210223528e-04 4.481336212167956035e+01
1.779886247392854684e-04 4.481336212175778400e+01
1.779886234057347940e-04 4.481336212182493739e+01
1.779886266465941977e-04 4.481336212168085353e+01
1.779886250801104115e-04 4.481336212175374811e+01
1.779886259633655504e-04 4.481336212171324007e+01
4.000741577162840912e+01 5.803737814076217050e-06
4.000741577160484752e+01 5.803738322573143900e-06
4.000741577164202312e+01 5.803737503260298521e-06
4.000741577163726248e+01 5.803737601240647501e-06
1.779886248283430003e-04 4.481336212171743227e+01
1.779886257702652946e-04 4.481336212171108002e+01
1.779886252517773456e-04 4.481336212174066702e+01
1.779886251470324382e-04 4.481336212174939959e+01
1.779886248058650498e-04 4.481336212176626077e+01
1.779886254484837934e-04 4.481336212173710010e+01
4.000741577159624285e+01 5.803738515610997973e-06
4.000741577169615937e+01 5.803736337145258535e-06
4.000741577163606166e+01 5.803737642586483896e-06
4.000741577162664697e+01 5.803737841761165364e-06
1.779886254020199841e-04 4.481336212163584065e+01
1.779886259584502928e-04 4.481336212169679101e+01
1.779886261028914467e-04 4.481336212170228350e+01
1.779886250878533768e-04 4.481336212175057909e+01
1.779886261919551857e-04 4.481336212170174349e+01
1.779886265735018409e-04 4.481336212168496758e+01
1.779886249170339364e-04 4.481336212176164935e+01
4.000741577159337936e+01 5.803738578654546389e-06
4.000741577167903529e+01 5.803736710800852272e-06
