3.925146966068417120e-04 4.212031052289374600e+01
3.925146968854908319e-04 4.212031052287098731e+01
3.925146947070736630e-04 4.212031052308072532e+01
3.925146944564645592e-04 4.212031052310492640e+01
3.925146959717191694e-04 4.212031052295868250e+01
3.925146964292129128e-04 4.212031052291519018e+01
3.925146963297409413e-04 4.212031052292464040e+01
3.925146966637114228e-04 4.212031052289260913e+01
3.925146958930430087e-04 4.212031052297081857e+01
3.925146958831012543e-04 4.212031052297175648e+01
3.925146967414232398e-04 4.212031052288038779e+01
3.925146962611580524e-04 4.212031052293445299e+01
3.925146958772376179e-04 4.212031052296743638e+01
3.925146962351372545e-04 4.212031052293372113e+01
3.925146964365916675e-04 4.212031052291053612e+01
3.925146967787442975e-04 4.212031052288151756e+01
3.925146961793180814e-04 4.212031052293519906e+01
3.925146968117076756e-04 4.212031052287496635e+01
3.925146968233848583e-04 4.212031052287430555e+01
3.925146968350197571e-04 4.212031052287318289e+01
3.925146957762428845e-04 4.212031052295241551e+01
3.925146970323892758e-04 4.212031052285313848e+01
3.925146969504326446e-04 4.212031052286723565e+01
3.925146951874499269e-04 4.212031052303911594e+01
3.925146954474656230e-04 4.212031052301335876e+01
3.925146969593750900e-04 4.212031052286688748e+01
3.925146965285859508e-04 4.212031052290882371e+01
3.925146968363341354e-04 4.212031052287289157e+01
3.925146969050775946e-04 4.212031052287232313e+01
3.925146961593488121e-04 4.212031052294486955e+01
3.925146964981764109e-04 4.212031052290382860e+01
3.925146967598966354e-04 4.212031052287787247e+01
3.925146968053686708e-04 4.212031052288055832e+01
3.925146968819251620e-04 4.212031052286827304e+01
3.925146958926035274e-04 4.212031052296988776e+01
3.925146946867805967e-04 4.212031052308711310e+01
3.925146965693188301e-04 4.212031052290146960e+01
3.925146942746537753e-04 4.212031052312050861e+01
3.925146959355965887e-04 4.212031052296637768e+01
3.925146969105904916e-04 4.212031052286596378e+01
3.925146969785785330e-04 4.212031052285043842e+01
3.925146953495743641e-04 4.212031052301883705e+01
3.925146949409010519e-04 4.212031052304885037e+01
3.925146969899243293e-04 4.212031052286320687e+01
3.925146963744140282e-04 4.212031052291936817e+01
3.925146970189540593e-04 4.212031052285533406e+01
3.925146969345188878e-04 4.212031052286330635e+01
3.925146959693246005e-04 4.212031052295380107e+01
3.925146966923383717e-04 4.212031052288971011e+01
3.925146961682048465e-04 4.212031052294365452e+01
3.925146970687279379e-04 4.212031052284133636e+01
3.925146956278915554e-04 4.212031052298976874e+01
3.925146962998978971e-04 4.212031052292873312e+01
3.925146966015750916e-04 4.212031052289335520e+01
3.925146965583858980e-04 4.212031052290138433e+01
3.925146964562597454e-04 4.212031052291156641e+01
3.925146966583413152e-04 4.212031052289230360e+01
3.925146969396030912e-04 4.212031052286588562e+01
3.925146968999594014e-04 4.212031052286959465e+01
3.925146964831811359e-04 4.212031052290913635e+01
3.925146950794778647e-04 4.212031052296017464e+01
3.925146967695452216e-04 4.212031052287511557e+01
3.925146947248609754e-04 4.212031052307378332e+01
3.925146965115750898e-04 4.212031052290891608e+01
3.925146965997231116e-04 4.212031052290053879e+01
3.925146940940094846e-04 4.212031052314429047e+01
3.925146958977621613e-04 4.212031052296040912e+01
3.925146945351986163e-04 4.212031052310159396e+01
3.925146965731963165e-04 4.212031052290424782e+01
3.925146966968738062e-04 4.212031052289228228e+01
3.925146966803295316e-04 4.212031052288288890e+01
3.925146964598730660e-04 4.212031052290533495e+01
3.925146965242628573e-04 4.212031052290555522e+01
3.925146947921443938e-04 4.212031052306788581e+01
3.925146968041313251e-04 4.212031052287751010e+01
3.925146965580954403e-04 4.212031052289775346e+01
3.925146961463883135e-04 4.212031052293695410e+01
3.925146965022209729e-04 4.212031052290726763e+01
3.925146961923587025e-04 4.212031052293308164e+01
3.925146968416104052e-04 4.212031052287201049e+01
3.925146969137577714e-04 4.212031052285319532e+01
3.925146959056796019e-04 4.212031052295856881e+01
3.925146966965234463e-04 4.212031052288839561e+01
3.925146965767262620e-04 4.212031052289497524e+01
3.925146968458397153e-04 4.212031052287059651e+01
3.925146966615953312e-04 4.212031052289488287e+01
3.925146942896692165e-04 4.212031052311856172e+01
3.925146961073664137e-04 4.212031052294468481e+01
3.925146960633969740e-04 4.212031052294899780e+01
3.925146966785278586e-04 4.212031052289340494e+01
3.925146956216673134e-04 4.212031052291916211e+01
3.925146955264176046e-04 4.212031052298908662e+01
3.925146956933274933e-04 4.212031052298269884e+01
3.925146965185375651e-04 4.212031052289960087e+01
3.925146947282049260e-04 4.212031052306767265e+01
3.925146958287349663e-04 4.212031052296628530e+01
3.925146962796046139e-04 4.212031052293145450e+01
3.925146963506177420e-04 4.212031052292087452e+01
3.925146942054795083e-04 4.212031052312696033e+01
