1.000000000000000000e+00 3.188444129394086279e-01 1.245020872576145088e+01 1.070759438763397187e+00 2.184564136763275655e-01 3.888805313048996570e+00 7.289930100542747482e+00 1.072389655845679357e+01 6.900826269271313762e-02 8.910712269343548653e-02 3.605108433034786564e-01
1.000000000000000000e+00 3.238102895368216716e-01 1.229195332831741538e+01 1.076784565607074029e+00 1.064759196651681172e-01 3.854081374738652421e+00 9.240288596869438820e+00 9.058155472544029863e+00 7.449514878173889298e-02 8.962986672106301733e-02 3.798159533903403551e-01
1.000000000000000000e+00 3.200366665271345834e-01 1.257840276114666445e+01 1.076449531023995210e+00 1.518986956919922693e-01 3.867329830105816324e+00 8.381473392112901877e+00 9.078911782477028680e+00 7.302862983936965480e-02 8.958580700339423275e-02 3.697714977633408950e-01
1.000000000000000000e+00 3.141682011063185453e-01 1.292202081681981696e+01 1.092384809931756351e+00 2.262799628947335662e-01 5.794963450420890005e+00 6.708576003699127099e+00 8.996963691565596832e+00 6.769762808855019076e-02 8.881505954778617928e-02 3.741144954441950055e-01
1.000000000000000000e+00 3.192534018777185567e-01 1.279678660516110078e+01 1.072094347440152973e+00 1.651623260475110488e-01 6.409088341300350322e+00 7.705777907505529711e+00 9.941786585058263626e+00 7.050606822184493638e-02 8.859322396222710227e-02 3.964128163262363724e-01
1.000000000000000000e+00 3.201195226480956224e-01 1.228452201290781254e+01 1.073722800826635737e+00 9.940877633422849635e-02 4.768069098184628984e+00 7.950419417735908212e+00 8.911576128964270538e+00 7.890004078908363638e-02 8.946172197472423981e-02 3.485862685853410303e-01
1.000000000000000000e+00 3.208723108729261697e-01 1.222022917746864756e+01 1.091895838905653005e+00 1.352755107036060223e-01 4.574969887626626708e+00 6.445371136634388876e+00 6.315199498239089770e+00 6.762090443129788186e-02 8.817345171832280393e-02 3.977345433793493812e-01
1.000000000000000000e+00 3.212382565993392447e-01 1.260677425039389021e+01 1.066936925095984590e+00 9.327051875872718889e-02 5.344809088861224744e+00 7.641189811934306242e+00 1.054141021179592030e+01 7.277106783620658492e-02 8.974640673302855531e-02 3.705248488990580680e-01
1.000000000000000000e+00 3.199106511067448255e-01 1.267836640421286454e+01 1.098830990703890009e+00 3.115660421591812668e-01 4.886334335941290519e+00 6.632894183229499419e+00 6.988257836797056477e+00 7.304664605229907459e-02 8.821471914483716703e-02 4.207771965050456364e-01
1.000000000000000000e+00 3.218203348959581822e-01 1.255497824945095076e+01 1.083192501855581913e+00 1.279385071855985434e-01 5.773850950562190221e+00 6.247674997892118220e+00 5.971822262994646024e+00 7.375288486476597183e-02 8.805629296002721873e-02 4.153314688286525724e-01
