1.000000000000000000e+00 3.193542207571515856e-01 1.262655059262933399e+01 1.102529866006706660e+00 1.901804604147713518e-01 5.144996750346355618e+00 6.090642399882399971e+00 7.496769965037719530e+00 6.493137778798069304e-02 8.869753209285209661e-02 3.816857292685252312e-01
1.000000000000000000e+00 3.182743179157910829e-01 1.290935620996413391e+01 1.103545514279528739e+00 1.525483014761080669e-01 5.709741137908631359e+00 6.857391276945770109e+00 8.411120308979164406e+00 6.109567123793251120e-02 8.911534471322531126e-02 3.822079692516354710e-01
1.000000000000000000e+00 3.174171107492771982e-01 1.275042658803864981e+01 1.102602402624018652e+00 2.936036154364843886e-01 5.796297931852717689e+00 7.107145475818708036e+00 7.682895355513408298e+00 6.192131324973786793e-02 8.905900168594814426e-02 3.822671846030090137e-01
1.000000000000000000e+00 3.130019553669876053e-01 1.322660639302984009e+01 1.100331816093626847e+00 2.173596051040674326e-02 3.888261129179936049e+00 4.256400878638007867e+00 7.885421541944115376e+00 6.947296394452373569e-02 8.813748111438915456e-02 3.840065112122769131e-01
1.000000000000000000e+00 3.109731823756098357e-01 1.308454343581244217e+01 1.100496614291533781e+00 1.764883788342180571e-01 4.080882298557402699e+00 5.677729274676092786e+00 8.132547719987066159e+00 7.388272637049389524e-02 8.822638364253179710e-02 3.836358685630939513e-01
1.000000000000000000e+00 3.105681939876180353e-01 1.296666066258975469e+01 1.100212380932759082e+00 7.683181274606187827e-02 4.736666202753340826e+00 5.337236107420229025e+00 8.058452600867088478e+00 7.021100446244901705e-02 8.859219820456218364e-02 3.837306920032984570e-01
1.000000000000000000e+00 3.195147931430000199e-01 1.264907472500483010e+01 1.102635247564505372e+00 1.699453376438377350e-01 5.793288616615919651e+00 6.811281926827099653e+00 7.858987153845976792e+00 6.120782528560202163e-02 8.912468706298252996e-02 3.813950374113095343e-01
1.000000000000000000e+00 3.171774922447561096e-01 1.296146899393066576e+01 1.101461704322459045e+00 3.535724815730179049e-01 4.996608046173703244e+00 4.964462298350851732e+00 9.225520953415083270e+00 6.168058771152103853e-02 8.889980284427581592e-02 3.833666482544029197e-01
1.000000000000000000e+00 3.150318674659329243e-01 1.271316549497919901e+01 1.103240757734224253e+00 2.346626893083825216e-01 6.666588991124289265e+00 6.482186182814851705e+00 7.897464856267302657e+00 5.737314101018675672e-02 8.870341135195791704e-02 3.811242345049478120e-01
1.000000000000000000e+00 3.199682924974701081e-01 1.259273951039366857e+01 1.104356827839404476e+00 1.707814525726318866e-01 5.658095197655690356e+00 6.024901736330706470e+00 7.912888769170228542e+00 6.131396722406937116e-02 8.898505948902658835e-02 3.819380095556447197e-01
