1.000000000000000000e+00 5.284911038707227782e+00 6.115917262026683510e+00 1.042367604957256111e+00 9.316777034285385284e+00 2.809566504731154879e+00 3.893699772525633040e+00 9.265298256405461785e+00 7.392670307605747615e-02 4.774068854151802127e-02 4.011555742237821187e-02
1.000000000000000000e+00 7.353835249404592211e+00 6.397327118254544587e+00 1.518842866512786216e+00 6.533982636856355164e+00 5.840644959633300104e+00 2.271135959989284192e+00 7.182390468203350586e+00 9.812936592341731101e-02 9.684118708642615314e-02 4.993965911783382339e-02
1.000000000000000000e+00 5.599691805755786511e+00 9.936640015703346762e+00 1.140964190026796388e+00 7.052822974037611381e+00 7.575440772532160416e+00 4.120747008846765702e+00 5.276562969239376066e+00 6.909637008503730082e-02 2.748068931836269990e-02 2.556282288567468530e-03
1.000000000000000000e+00 8.189924552312923822e+00 9.501461521059415105e+00 1.220108579505150725e+00 4.136589112219406950e+00 2.718811051613691632e+00 3.742373825345866045e+00 1.055154363541917029e+01 6.282805005633432249e-02 6.074717719837752217e-02 5.518890728186037764e-02
1.000000000000000000e+00 8.659925885867687967e+00 9.348733400667125437e+00 2.811683255547512861e+00 7.771357671907688669e+00 4.795475785475331598e+00 7.250938605346837207e+00 9.662337269607661483e+00 1.528650787309029230e-02 1.290880314131873791e-02 1.158387392628537071e-01
1.000000000000000000e+00 6.243774901077839168e+00 6.986343480994042565e+00 1.908420114414333124e+00 6.033539450151075734e+00 5.125127242803305450e+00 2.415202998865581652e+00 1.013865325163156506e+01 4.498539061018255042e-02 1.137779732806103346e-02 1.648696958422116721e-01
1.000000000000000000e+00 9.613152518647181566e+00 8.897038911417791240e+00 1.708064072148481216e+00 2.035459402720511957e+00 1.720285099304669885e+00 3.552397910985725993e+00 5.924484737521694022e+00 6.656862092164683720e-02 1.266025476840296551e-02 4.270259414809872700e-01
1.000000000000000000e+00 8.115856723516621685e+00 8.529342679575449893e+00 2.703229555423336539e-01 7.295337728123930887e+00 8.068357885507193572e+00 1.815126101351921983e+00 2.844879924492172307e+00 5.682974698277738074e-02 2.187271112579645960e-02 1.107822790936438540e-01
1.000000000000000000e+00 8.490101062908124163e+00 9.926568731702552384e+00 2.521828697739625369e+00 7.931504527241195035e+00 3.789090213992306388e+00 5.869745850302512835e+00 6.640421163021819950e+00 6.421115072383432043e-02 1.413764164111167704e-02 1.868129310982662439e-01
1.000000000000000000e+00 6.654297736468779867e+00 8.233261253487897946e+00 1.316189179003406817e+00 3.453195973228776694e+00 4.978916466589872414e+00 3.476037056262125446e+00 8.486223794358473071e+00 8.019026528363382145e-02 9.096342218338024366e-02 2.573901127054895044e-01
