1.000000000000000000e+00 5.423494616888638653e+00 9.623196569481336837e+00 1.190592062653286209e+00 9.648027620652458225e+00 3.646405142971438362e+00 3.422528215416926756e+00 9.598261830277367679e+00 4.256266177186399796e-02 1.557876547149384880e-02 3.789188044890681728e-02
1.000000000000000000e+00 5.733925339024315448e+00 8.450958129612626379e+00 1.733911731490255237e+00 8.306087972795374696e+00 3.580331702064238897e+00 3.631317609691934400e+00 9.401686450981438625e+00 2.563932113643886679e-02 1.688456005788909267e-02 2.421080670106400684e-02
1.000000000000000000e+00 5.417737391663749236e+00 9.276068214556561387e+00 1.434060879757675266e+00 8.979086539341611939e+00 3.538131196352016339e+00 3.107806037920275877e+00 9.423223561816525873e+00 2.836384733192144625e-02 2.175096718263744983e-02 6.122726508198538670e-02
1.000000000000000000e+00 6.550317570803972700e+00 9.183288354412384891e+00 1.228219522436752920e+00 9.324727955824030801e+00 3.396817866457622515e+00 3.799005107843814066e+00 9.600910861403470165e+00 2.335841425790930251e-02 2.798324122907813044e-02 8.365008182857433527e-02
1.000000000000000000e+00 6.767817175574569077e+00 7.839841866399080317e+00 1.407787626286797655e+00 8.229102264252805554e+00 4.026848313330789964e+00 3.568051618297734429e+00 9.867249180867096570e+00 3.843849631666389904e-02 1.042172764837256092e-02 6.994712442545684972e-02
1.000000000000000000e+00 6.690430019797720007e+00 6.401469459645777960e+00 8.489620649431842692e-01 8.081970821924439718e+00 3.111737012826952586e+00 4.271817700466980838e+00 1.022396028232209098e+01 3.166506421883073796e-02 3.129428367473514883e-02 4.932011510993662001e-02
1.000000000000000000e+00 6.593251627386331748e+00 7.152753234153555795e+00 1.179766402725248797e+00 8.512022995630912803e+00 4.161306861267967783e+00 4.001097978731731786e+00 8.527163234853896157e+00 4.284770802496456338e-02 3.455413801358010045e-02 1.477998337008228080e-03
1.000000000000000000e+00 5.346837355262001878e+00 9.787912016341620003e+00 1.163063942036538290e+00 8.344467337869000190e+00 3.254831450224057399e+00 3.220520655432673074e+00 8.460495438277634506e+00 2.863552809560879903e-02 2.297674195428628038e-02 5.116779697287076462e-02
1.000000000000000000e+00 5.296743516744530034e+00 6.901914605153412374e+00 8.542659762444710925e-01 7.783940877875419773e+00 3.983435904430789876e+00 3.076034563863863536e+00 8.030354868979667771e+00 3.494937394057458929e-02 3.392920266270731122e-02 9.846752336786050719e-03
1.000000000000000000e+00 5.986419873353491461e+00 5.364830564022517123e+00 1.544304432243885028e+00 8.915260365413567811e+00 4.072715406581172815e+00 3.344525273016970779e+00 9.927136219636860659e+00 3.658526887773164149e-02 1.968335836607120956e-02 5.558828872096448909e-02
1.000000000000000000e+00 6.223370111086030221e+00 6.085329588642331089e+00 1.908534430423270756e+00 8.716393286950879116e+00 3.075006329239687197e+00 3.469988862157924014e+00 9.136468327752414353e+00 1.816540460239832872e-02 4.104010315173624301e-02 9.323014919696961944e-02
1.000000000000000000e+00 5.836713094770503929e+00 7.107628951692014141e+00 1.140695826157759107e+00 8.096112714124300780e+00 3.827187803106139263e+00 2.991847929234238812e+00 9.853374677148806882e+00 2.559462252812313293e-02 1.476919918799629236e-02 9.028742396859738839e-02
1.000000000000000000e+00 5.287737064669671305e+00 8.945572999719081153e+00 1.856022026048249174e+00 8.090997006566533756e+00 4.065607590073941680e+00 2.659511165398837029e+00 9.491196143255168138e+00 4.435760217397650973e-02 1.344820571619867455e-02 6.064102614802764635e-02
1.000000000000000000e+00 6.834409347904728982e+00 7.908544967748449395e+00 1.194201300533385801e+00 9.688672505550609770e+00 2.366409450504558531e+00 4.994715535579489440e+00 8.534516505545035159e+00 1.875063046820361554e-02 1.932574784544287272e-02 6.907578806792519233e-02
1.000000000000000000e+00 5.706630972382193079e+00 8.346717479323666922e+00 1.377744994169347592e+00 9.048268904368258703e+00 2.708402904267081635e+00 4.101080696217421107e+00 9.838286021533349412e+00 3.671521588021818550e-02 3.675580276970813465e-02 2.785868518232359134e-02
1.000000000000000000e+00 5.427225893981975524e+00 6.958706561008241032e+00 1.374102675541103658e+00 8.949723309957063222e+00 4.285824878339795418e+00 3.312244405642752021e+00 1.025157109007584211e+01 3.334474010737431549e-02 2.894768967821532285e-02 8.736649550411887052e-03
1.000000000000000000e+00 6.432797219457091487e+00 8.832475091169017745e+00 1.606469405697408703e+00 8.188542411212349492e+00 4.643334468001443227e+00 3.118236710851569171e+00 1.024975565817354095e+01 1.992429263183644050e-02 2.270462698831963305e-02 9.631343629801689121e-02
1.000000000000000000e+00 5.968805979582015198e+00 7.327308031946991207e+00 9.942844564287739439e-01 9.125047292051629455e+00 3.005746756760073524e+00 3.770225029581234288e+00 8.446706369776020296e+00 1.351214450592515097e-02 1.687333959903090583e-02 8.182693812803823463e-02
1.000000000000000000e+00 5.272727174664970207e+00 5.577028285744349390e+00 1.159660427419998641e+00 8.066950833499378248e+00 4.205107437548742055e+00 2.826604054365478458e+00 8.634697552354428041e+00 4.198995772085825640e-02 1.950534272455646187e-02 4.667178510811458014e-02
1.000000000000000000e+00 6.823218435865953779e+00 5.440600960660189500e+00 6.697061724491653045e-01 8.992692557251181995e+00 3.009734360553530941e+00 4.435098752234390318e+00 9.673544258507302374e+00 2.054068125095934172e-02 3.853683792314896439e-02 5.882478742153501167e-02
1.000000000000000000e+00 5.491335160290297779e+00 6.335386786970777173e+00 1.295784561761639697e+00 9.319218522914447078e+00 4.817832149154256172e+00 2.639665277845567815e+00 9.681908592823685211e+00 2.370456479661255111e-02 4.220840232883905918e-02 8.766345268250008704e-02
1.000000000000000000e+00 6.632021307565611146e+00 8.227489169309070149e+00 1.755569318522532063e+00 8.783361885869039654e+00 3.149141820693918792e+00 4.077934652534318971e+00 1.002193747312902516e+01 1.193234449278556854e-02 1.199123210089121302e-02 6.043745379957732311e-02
1.000000000000000000e+00 5.715846625847528450e+00 6.165966091640051161e+00 7.198192297376484472e-01 8.729343703394569332e+00 4.369068467503288034e+00 3.429093047949184125e+00 9.781409181292200827e+00 2.874015810406333957e-02 4.036131611021918919e-02 1.579296356480666685e-02
1.000000000000000000e+00 6.299820664947667126e+00 8.527592533735484537e+00 9.973340857437520413e-01 7.632399728493444613e+00 4.146615657740931660e+00 3.495890815987825029e+00 9.071818525082793627e+00 4.080102243379938459e-02 1.842922742456926111e-02 3.284695290560321612e-02
1.000000000000000000e+00 6.844115190102566082e+00 5.983972444857504236e+00 1.219328442439326921e+00 8.226311232528210837e+00 3.477355875673685759e+00 4.257729697142763392e+00 8.582291191088327054e+00 3.644573267465919808e-02 1.513639945735280323e-02 1.068690552716361139e-02
1.000000000000000000e+00 6.293588866168437157e+00 7.379908117425951986e+00 1.877433270019445377e+00 8.232353624180982266e+00 4.273438255431540433e+00 3.373438862571845220e+00 1.011169670788607888e+01 2.978071208694969135e-02 2.127836964902066891e-02 5.786069054931098493e-02
1.000000000000000000e+00 5.758566040353708892e+00 8.529119518386671928e+00 1.975464126871805615e+00 7.401890856553181131e+00 2.673491300379494895e+00 3.935903722037092045e+00 8.462972702226650767e+00 3.699166577253290566e-02 1.739058128456342708e-02 7.576981376979674034e-03
1.000000000000000000e+00 5.807280684614794630e+00 6.427828523867037624e+00 7.671796668292926169e-01 7.637290748103512605e+00 2.927534337583931112e+00 3.334223366914449649e+00 9.419685149734172924e+00 1.020203653855594056e-02 2.073298951247595084e-02 7.809975442506547627e-02
1.000000000000000000e+00 5.153457884199777794e+00 9.291872895824186074e+00 1.971951072486857193e+00 8.168129408470658603e+00 3.133096456439065314e+00 3.133527201361975045e+00 8.410815084033488986e+00 4.709878757870752941e-02 2.186344339326128094e-02 3.077765201426678823e-02
1.000000000000000000e+00 6.298361396553161740e+00 7.224872043150242007e+00 1.739099723854935498e+00 9.078656637407926056e+00 4.046860722594590953e+00 3.413773611951060438e+00 9.102285274873223031e+00 2.832603339444168811e-02 3.281167982206516232e-02 5.588610844698291974e-02
1.000000000000000000e+00 5.810438723720542598e+00 7.782080474867344222e+00 1.754672246134309388e+00 9.750664816977243632e+00 3.357329998268608229e+00 3.426591628608090634e+00 9.050157468046069908e+00 2.001974395783196262e-02 1.302176458167023619e-02 9.771960212001702673e-02
1.000000000000000000e+00 6.167640584527943837e+00 6.033893930241339021e+00 9.024363301992259778e-01 7.433316791203805174e+00 3.518031447697926417e+00 3.249002897511108046e+00 9.795275421329765919e+00 2.101495806448451520e-02 3.930343352920401268e-02 7.331690298250248539e-02
1.000000000000000000e+00 6.689772216652990267e+00 6.992135733402852438e+00 1.297143260980743396e+00 9.443156602510363484e+00 3.443266971564993284e+00 4.257836606031806248e+00 1.024446696035702331e+01 2.894397900107298707e-02 4.996632464792209738e-02 5.338140467556300867e-02
1.000000000000000000e+00 5.784643005504435109e+00 6.429552030246602712e+00 1.491808764794513076e+00 9.398905241315054226e+00 3.963485428767322460e+00 3.224929086539878753e+00 8.299167797801679569e+00 1.018009467000695681e-02 1.741979108179227131e-02 5.203078148500325101e-02
1.000000000000000000e+00 5.017919242444319750e+00 8.583301524973723673e+00 6.749091073469378754e-01 9.009457457982046336e+00 3.881774781231390747e+00 2.670892030986408816e+00 9.142731755075461209e+00 4.598475471313787089e-02 1.637812332474927052e-02 9.372065352433443797e-02
1.000000000000000000e+00 6.195941129444724638e+00 5.140890733422315506e+00 1.055374029171676664e+00 9.573515084636918360e+00 3.503083784165959891e+00 3.914001489764483921e+00 9.670715594200352427e+00 2.707861318996879901e-02 3.328911763345156205e-02 4.415558742989811325e-02
1.000000000000000000e+00 6.597799572944764712e+00 6.439134527882361070e+00 1.045268029356304584e+00 8.637367141643798263e+00 4.758519381512510193e+00 3.657394084786496080e+00 8.749740748808736868e+00 3.221682240983646250e-02 3.082006337884905800e-02 2.456956181742769862e-02
1.000000000000000000e+00 6.048868658611723959e+00 7.676335395703150155e+00 1.142980649794220316e+00 8.058243045073592015e+00 4.077133333522635183e+00 3.080435192894362295e+00 1.011779912203428466e+01 3.194289235810176403e-02 1.703928151288502252e-02 8.506625598403039223e-02
1.000000000000000000e+00 5.320529574305631115e+00 8.190268731801342739e+00 1.337772702844880701e+00 8.810374379214538365e+00 3.905255946340769668e+00 2.842649438046282118e+00 8.555102453725185185e+00 2.092379135202081936e-02 1.856438553665266944e-02 9.082144212835868702e-02
1.000000000000000000e+00 5.793726185081347069e+00 9.866276861661134490e+00 1.756816794152063821e+00 7.866824203305046836e+00 4.325978616668020749e+00 3.080119620633881894e+00 9.191768253482987205e+00 1.924857730502369316e-02 2.517129038263860724e-02 5.404054641719224783e-02
1.000000000000000000e+00 5.804759153947001593e+00 6.492888972809859993e+00 6.866865923596296994e-01 8.554868630366922133e+00 4.850479236086403745e+00 3.018201651376434036e+00 8.697810721868952655e+00 3.024580682034903184e-02 2.916303518432244654e-02 5.084955386247008713e-02
1.000000000000000000e+00 6.190592768896661546e+00 7.801582825454800307e+00 1.073876109577206250e+00 8.629335121167963862e+00 4.994610545030036874e+00 2.990895693218864615e+00 8.529874017269236219e+00 4.621361085616643161e-02 2.144089064609767253e-02 8.142143117955068232e-02
1.000000000000000000e+00 6.653615000388902523e+00 6.858594882810973736e+00 1.889241522027289788e+00 8.682920894628319175e+00 3.846887282483401727e+00 4.118494684532540973e+00 1.038749969450914001e+01 3.832149230622612646e-02 2.321723581707052508e-02 9.363373497375961085e-03
1.000000000000000000e+00 6.103446417300476767e+00 8.395004589162583741e+00 7.156750654341581530e-01 7.443691853008267856e+00 3.466491149670869909e+00 3.110353765942667437e+00 9.319290897909727533e+00 1.838809675530768753e-02 3.503135308596248831e-02 9.717115043156458742e-02
1.000000000000000000e+00 5.788359587746226609e+00 8.676547287262840413e+00 4.562401694545389352e-01 8.413242101692745223e+00 4.933819789629591668e+00 2.950452778163618284e+00 9.487154605712941446e+00 2.901237478923890389e-02 4.778992111741292570e-02 3.706235908249520816e-02
1.000000000000000000e+00 5.580579552411696120e+00 9.877730987071302593e+00 1.868421641623967400e+00 9.615394322007762895e+00 3.871079455298408245e+00 3.111679601515880300e+00 9.412431937641047242e+00 1.857072311172987961e-02 1.500320951680180620e-02 8.168360402163243883e-02
1.000000000000000000e+00 5.291228879470041946e+00 7.221701871566654773e+00 9.152328018571185275e-01 8.305781808835133617e+00 4.177790828410569368e+00 3.039932646857470111e+00 8.684725565686699511e+00 1.040545809363204594e-02 1.677947901687120574e-02 2.173853789787091872e-02
1.000000000000000000e+00 6.581274892228503148e+00 6.645957197487244450e+00 1.625495456198609023e+00 9.084053974848455226e+00 3.901845500331682537e+00 3.676949704382163731e+00 1.048171170566171462e+01 3.507191068113714449e-02 1.873811743845018099e-02 7.450050182882492211e-02
1.000000000000000000e+00 6.466815676108516264e+00 6.945596361458871826e+00 1.034979115337168132e+00 8.399994963289188377e+00 2.438217506955307812e+00 4.910473496779653502e+00 9.420556944591421455e+00 3.216102718081114559e-02 4.616391001371702996e-02 1.623324727144430379e-02
1.000000000000000000e+00 5.339322288983148646e+00 7.769211410811339036e+00 1.080062522262114744e+00 7.901391492187658017e+00 4.714065688883951388e+00 2.614233074260187362e+00 1.017170225442503906e+01 4.859783268145691226e-02 4.849660868425826471e-02 4.228167266572975536e-02
1.000000000000000000e+00 5.972483599649758723e+00 8.850740537275726183e+00 1.069854636106571277e+00 9.081723547842798894e+00 4.788072741411938615e+00 3.224927367260234767e+00 1.020948121718459234e+01 3.955979761392380833e-02 3.995305664758781738e-02 3.431305366277011965e-02
1.000000000000000000e+00 6.583844736068346748e+00 9.185580506525180766e+00 1.770358795392974693e+00 8.769259396170889787e+00 3.653307395940165847e+00 3.827922145351317251e+00 9.669560707180725245e+00 2.740680895289795971e-02 2.693738895321851762e-02 4.735585023382577613e-02
1.000000000000000000e+00 6.478339636028244364e+00 6.243756700205709720e+00 1.536384304616747576e+00 9.008945635641644856e+00 4.350409398194551969e+00 3.329207342553737625e+00 1.025985497391241807e+01 2.711267610025717284e-02 4.541626899967812075e-02 5.594619356180031977e-02
1.000000000000000000e+00 6.572606850367709974e+00 7.281839751449560083e+00 7.365760062335408032e-01 8.945650727439955929e+00 3.991812772817934896e+00 3.786668467142572769e+00 1.025231981578235008e+01 4.800423169655287925e-02 2.024817007396699509e-02 4.801370340123636143e-02
1.000000000000000000e+00 5.141185039536013690e+00 7.661915932201100787e+00 1.191653508089078439e+00 9.294857705660739100e+00 3.344227363689183719e+00 3.183255679038980546e+00 8.684226419196560798e+00 3.431212277550240580e-02 3.921672918070451264e-02 5.056666520590766267e-02
1.000000000000000000e+00 5.567067117858534253e+00 9.042495670475693359e+00 1.320240553286859297e+00 7.828189971580758133e+00 4.211851531642295754e+00 3.190956512692801894e+00 8.991417060736536015e+00 2.766905285602281814e-02 2.895074264834971919e-02 7.293939017052252990e-03
1.000000000000000000e+00 5.631767570132699241e+00 8.043829955049050184e+00 1.285892015011432132e+00 8.029782433757814530e+00 4.433691591400139131e+00 3.108274845787823093e+00 8.578333861411206129e+00 2.949496527685976227e-02 4.336075451530127522e-02 1.388606552595375576e-02
1.000000000000000000e+00 6.044575418030645686e+00 8.299927703593963813e+00 1.601205059892484961e+00 7.355320196992890303e+00 2.719780071863858062e+00 4.151916269662196513e+00 8.422745210375607527e+00 4.275842035826126625e-02 1.427751049457129384e-02 4.403116651642322021e-03
1.000000000000000000e+00 5.575583058686708782e+00 7.997985868391470632e+00 7.055799459350116098e-01 9.744252782440078420e+00 3.238338213414566624e+00 3.650767480874776538e+00 8.050289808149202031e+00 2.967966171443521539e-02 3.049877502071855762e-02 5.059433748286235738e-02
1.000000000000000000e+00 5.768250546727175632e+00 8.299300722924723317e+00 1.216811991790305081e+00 9.453470116460085393e+00 3.505751873037754152e+00 3.383831238472404301e+00 8.888166747295393577e+00 4.461771484520992564e-02 3.025091430944564647e-02 6.163816963617016476e-02
1.000000000000000000e+00 6.126119621201755905e+00 7.174827663149510926e+00 1.633564931911450691e+00 9.806359739317393576e+00 4.429076144655253344e+00 3.791169944482030374e+00 1.015531259960989985e+01 1.255203906959568086e-02 3.787884525804000729e-02 1.978765560475911900e-02
1.000000000000000000e+00 6.883096742827796710e+00 5.290503089847451434e+00 1.282274171850486422e+00 8.509403561376354119e+00 3.556122788687011482e+00 3.892773804943217897e+00 9.063703326134275429e+00 3.561435516184718875e-02 2.697036418663466967e-02 8.472179716761410462e-02
1.000000000000000000e+00 5.778063825002395681e+00 9.056012458906122831e+00 1.142774333241841411e+00 8.255117213074573357e+00 4.367865054788593326e+00 3.161525224226820363e+00 1.034771383216822471e+01 4.774826849809737928e-02 4.912921964505913286e-02 5.196476790988017319e-02
1.000000000000000000e+00 6.222454412455658890e+00 8.387682907499897311e+00 9.445152439256109256e-01 8.954751656330305565e+00 2.037842194742053081e+00 4.819975307632611283e+00 9.231805547381481958e+00 4.065988328005189917e-02 4.820129049539981225e-02 7.247650739162968259e-02
1.000000000000000000e+00 6.720554356230577397e+00 5.915454775523359743e+00 9.736305312207186313e-01 8.707619211312001894e+00 3.490164317331697852e+00 4.150506499343092237e+00 9.427795063501886119e+00 2.213314803303318562e-02 2.330373392623540443e-02 2.941500436023867723e-02
1.000000000000000000e+00 5.199965243391875269e+00 8.457577732869760112e+00 9.770761027389863740e-01 7.619297336103471707e+00 3.961358524188322683e+00 2.851629321476317092e+00 9.316547048000192177e+00 3.972401338956989963e-02 4.513526593444194823e-02 5.442654276234001887e-02
1.000000000000000000e+00 6.111575157362045374e+00 7.910422885701007267e+00 1.613167682337237618e+00 8.628608014988916608e+00 2.206199005891726905e+00 4.358908024462872177e+00 9.649946070065510639e+00 2.561123745853718242e-02 2.007741254798112510e-02 5.256944212011335771e-02
1.000000000000000000e+00 6.409045462819674022e+00 6.790852645988895375e+00 1.049263754861054387e+00 7.468035030647421024e+00 4.354042912056573122e+00 3.082681963411631809e+00 1.038993732819731619e+01 3.087584757307967193e-02 4.005261461630065661e-02 5.549575705590110986e-02
1.000000000000000000e+00 5.257928918480865299e+00 5.791219158021903901e+00 1.296549066015772134e+00 7.658073036064122263e+00 4.851521031454829824e+00 2.225297560215705239e+00 9.784721301085477663e+00 3.969228283110532579e-02 4.213398416129247870e-02 6.828478127104481432e-02
1.000000000000000000e+00 6.376130628473652528e+00 7.640745590523152053e+00 5.682538571678222850e-01 8.682854021428898506e+00 2.756695024659888915e+00 4.255911526210509166e+00 8.807068610710331313e+00 2.817651356117339620e-02 2.370378616099242525e-02 4.966280368827630937e-02
1.000000000000000000e+00 6.189408773083484583e+00 8.921990830971303410e+00 1.429095269801884616e+00 8.237455100762989701e+00 3.644333525346512559e+00 3.726998382612694449e+00 9.579877871372593390e+00 3.323050758727778831e-02 4.887775176212334066e-02 1.724188278425530657e-02
1.000000000000000000e+00 5.817439507662225395e+00 7.387995250910596390e+00 1.188037507801745551e+00 7.431056485641759579e+00 4.349170709698157111e+00 2.978665553227201723e+00 1.074634779968440235e+01 2.940759665500653625e-02 3.658043731544913246e-02 4.080403515512428386e-02
1.000000000000000000e+00 5.172710937113317087e+00 7.949874789484093540e+00 5.833471706491577535e-01 8.406263124123139363e+00 4.342701780666017974e+00 2.725144993948137362e+00 9.468347904214780897e+00 3.664392455768450407e-02 3.729478175329296180e-02 6.572127265310401256e-02
1.000000000000000000e+00 6.061977308153039701e+00 8.852292857767242396e+00 7.328155246981359339e-01 9.023781252402272912e+00 3.391524233768749674e+00 3.846637312114423501e+00 9.557878055506705550e+00 2.417513792490694896e-02 4.219650767376993683e-02 4.606483695614151108e-02
1.000000000000000000e+00 5.791520565954171751e+00 7.288543420465239286e+00 1.436127472863646393e+00 9.007460922637530842e+00 3.231686526391013281e+00 3.720459100724113455e+00 1.014547977942146773e+01 3.460731865988889849e-02 3.158039456798995837e-02 3.124416713602515272e-02
1.000000000000000000e+00 6.888574036655384702e+00 7.398732226835271319e+00 4.504604245519126526e-01 9.483040943093470787e+00 4.142595627178518036e+00 4.094362689599883254e+00 9.737066730361734201e+00 4.499537975717719102e-02 3.843841216276071282e-02 7.822821511126722138e-02
1.000000000000000000e+00 6.053960002614557467e+00 7.389834196237075048e+00 7.937314568976453488e-01 9.018584664657225858e+00 4.272313343173506972e+00 3.070405257339499538e+00 9.744862512110445962e+00 3.100022946752695879e-02 3.758771153189879866e-02 9.668806348015250574e-02
1.000000000000000000e+00 6.320031065600115738e+00 8.483400863434077621e+00 1.958447474419163115e+00 9.226693020031262904e+00 3.350860932601228193e+00 3.565005984649613602e+00 8.943046799678722181e+00 2.436966860080654051e-02 3.240283195131195976e-02 9.038107369008788194e-02
1.000000000000000000e+00 6.068908980708465961e+00 5.169309319001806458e+00 1.076216692723146462e+00 8.982641482315848691e+00 2.845820167184578864e+00 4.547931534246925978e+00 9.784068046003227437e+00 3.074840130499023605e-02 3.464040135883859894e-02 6.791894143817409080e-04
1.000000000000000000e+00 6.289152447351479047e+00 7.291514647225691981e+00 1.248861160648821356e+00 9.801297806703939131e+00 4.937519408099102058e+00 3.362259679667153556e+00 9.355252811283573777e+00 3.552267311833916946e-02 4.449094259056909917e-02 3.636292353540947903e-02
1.000000000000000000e+00 6.418363649841442253e+00 8.344246744006152738e+00 1.253301550175102808e+00 7.361804802646759960e+00 4.391350722417796781e+00 3.434388281973928425e+00 1.035042255201796202e+01 2.620930662288362134e-02 1.887569441228338640e-02 3.131115317319564662e-02
1.000000000000000000e+00 5.195554241316588495e+00 6.915385725662146044e+00 1.293745147194577116e+00 9.913411614838636865e+00 4.683365536345461599e+00 2.796788657522074839e+00 9.394696255305484911e+00 1.172908174753195532e-02 2.669166526020302910e-02 5.215080069633930282e-02
1.000000000000000000e+00 6.278481242954572217e+00 7.699992383464474344e+00 1.214969597656951450e+00 8.997506717286045230e+00 3.858225251624277430e+00 3.375919488879502772e+00 1.029606204636141165e+01 3.105953007637387089e-02 2.088063868128419917e-02 7.060018552296908056e-02
1.000000000000000000e+00 6.260494317505545858e+00 8.846871978985241469e+00 1.704372126907828910e+00 7.777382775899231326e+00 3.915931729574133158e+00 3.434138557083313614e+00 1.013247596486250401e+01 4.740395925100632235e-02 4.527210197391452751e-02 2.819182740740474452e-02
1.000000000000000000e+00 5.837621248854349965e+00 7.644348449986759775e+00 1.175920436979424277e+00 8.131742029001904015e+00 2.017601511479679033e+00 4.661543644000543551e+00 8.777317491169522867e+00 2.997269869021543243e-02 3.306370913760184327e-02 1.527089500025955240e-02
1.000000000000000000e+00 6.691768189656634114e+00 6.638475480117620009e+00 1.012206139101140545e+00 9.149993823788095781e+00 2.633291207882009655e+00 4.279144363345875668e+00 1.022068239742074169e+01 3.450553983501201266e-02 2.775408231214767860e-02 9.967592549517498290e-02
1.000000000000000000e+00 6.170201029930158398e+00 9.905398576451393211e+00 6.061121701401579465e-01 8.276786018793782063e+00 4.583081212946984451e+00 3.314012472149133970e+00 8.040821039147934002e+00 2.190257433565849163e-02 3.258389872410775295e-02 6.011812716400548318e-02
1.000000000000000000e+00 6.040008399381426862e+00 7.633106918737871283e+00 1.817902547888262443e+00 7.243799331200302838e+00 2.972254765190422532e+00 3.926079446301505183e+00 9.518438691309526689e+00 3.929075874715363265e-02 4.061427556089312885e-02 2.323472009564099550e-03
1.000000000000000000e+00 5.760782033076403685e+00 5.477327225377377928e+00 9.699542136578341855e-01 9.762244765678737224e+00 2.793655307891420136e+00 4.356588394120676000e+00 9.847536624240211367e+00 4.250614453545990129e-02 3.596493268703848667e-02 4.736896414921934473e-03
1.000000000000000000e+00 5.431747634105095202e+00 9.330201941438394542e+00 5.244058699737796925e-01 9.069018733161856360e+00 4.542427139704540373e+00 3.248517034700953765e+00 9.175074224482393959e+00 2.982340796988509207e-02 3.836685408790302398e-02 3.057806551585232069e-03
1.000000000000000000e+00 6.338812161009721002e+00 6.033811832877321812e+00 1.021927235322907634e+00 9.458174967071149908e+00 3.968928296250068932e+00 3.815592119160501117e+00 8.803434327504152890e+00 4.390485181389318370e-02 4.252258931023951416e-02 3.476383753243430380e-02
1.000000000000000000e+00 5.405004198511351277e+00 5.150203885482411259e+00 9.547937843223834875e-01 8.920736556165929088e+00 2.100934663023212412e+00 3.708864878650063979e+00 9.984929758580594950e+00 3.141271926052816715e-02 1.794695843988936695e-02 9.652611062543825504e-02
1.000000000000000000e+00 6.059571378225837357e+00 8.180370807524180776e+00 6.207007693911140711e-01 8.958288206994220459e+00 2.686797341066427869e+00 4.441523685299697988e+00 8.181281085494672922e+00 3.593151196371112410e-02 2.617174075269086686e-02 4.053320650205032710e-02
1.000000000000000000e+00 5.846602207887149127e+00 9.383507936937862226e+00 1.885996812514894039e+00 8.397653247436160484e+00 4.083926549869991263e+00 3.506747892665706523e+00 8.560814121752887473e+00 2.527347950370170682e-02 2.993876529215875465e-02 1.654978757968340874e-02
1.000000000000000000e+00 5.954479585391029950e+00 6.663470482194276734e+00 1.414300610378295797e+00 7.697819315999831602e+00 2.875174466854999888e+00 3.916388295590595092e+00 9.905731495345211357e+00 2.726687829049052880e-02 3.875703537021295275e-02 2.876158833624762115e-02
1.000000000000000000e+00 6.570880209700099783e+00 8.243080511840279456e+00 8.394575729148010534e-01 8.090272928690582788e+00 2.193325857771975418e+00 4.935211566468763245e+00 8.515929830481629992e+00 1.259151282611929712e-02 4.937023842770410509e-02 4.810748972153565395e-02
1.000000000000000000e+00 6.862503466450488254e+00 8.108855284512047845e+00 1.404259891296044227e+00 8.059503037869164999e+00 2.983038056353803036e+00 3.894023168129236545e+00 9.873863277604097988e+00 4.780556385871408132e-02 3.527256184945416762e-02 7.918203077909764798e-02
1.000000000000000000e+00 6.775395331323020187e+00 6.454127505891422700e+00 6.025361655092242863e-01 9.148815642915087309e+00 2.844096676692003278e+00 4.994401005416198913e+00 9.292481668961780628e+00 1.820261338725245176e-02 1.425726483064478772e-02 3.875049077776138162e-02
1.000000000000000000e+00 5.859047076391901143e+00 5.813647844389929986e+00 9.961751221336057061e-01 9.437089233499515117e+00 4.212787397656907018e+00 3.211669035516608872e+00 9.163165722826612125e+00 4.843058931448532972e-02 4.741102705804171868e-02 6.908841519016582777e-02
1.000000000000000000e+00 6.242215073825352789e+00 7.045040530904929099e+00 1.078613386883416236e+00 7.044354835611043697e+00 2.869680737858035346e+00 3.708043924924590229e+00 8.678047875555321866e+00 2.808715488286302187e-02 3.562301381490547841e-02 7.585475392006428563e-02
