7.783481798410324046e-03
3.556764581852853678e-03
3.055910693807669092e-03
4.625900550128417277e-03
5.519704547077458265e-03
4.461246079179160065e-03
7.400538432565837224e-03
4.776072000931845009e-03
8.570134563560719010e-03
3.278931515922409081e-03
1.025539482020264813e-02
3.333017891362452349e-03
1.156293525732574566e-02
5.932937347728116373e-02
5.069078446332879809e-03
3.653650585091683910e-03
8.634285680641723762e-03
6.905931288210277394e-03
6.047460937296751660e-03
1.171854421421582998e-02
7.237995065246431194e-03
1.038015482932302253e-02
3.953179089691567782e-03
4.126659695966771596e-03
1.127692473972718469e-02
3.267246731708480824e-03
3.492358601158943032e-02
7.385019757205782062e-03
3.028363431097879158e-02
2.161333833588320423e-03
1.052471358917325857e-02
4.652094828630756740e-03
7.475546502010826586e-03
6.624260458117689487e-03
1.527671463115095815e-02
3.437768122102514198e-03
3.723211558438861268e-03
2.966184225308984325e-03
5.619153038122527699e-03
6.369300687544260722e-03
3.058605788683575310e-03
6.791087592885069503e-03
9.526616223943443554e-03
6.897928125572766814e-03
7.403133508339785306e-03
1.522784766903710445e-02
6.191186234789271790e-03
4.611323950084986883e-03
2.683548702728222671e-02
1.390560922891074559e-02
4.311073072965194118e-03
3.854518203422870482e-03
4.506681878409434829e-03
5.392823842890410828e-03
3.330099046546580819e-03
4.900412031098208901e-03
4.833684483143705149e-03
3.437228792201235672e-02
5.538019658781482418e-03
3.004222128659323615e-03
7.339102997333372264e-03
6.878001826208511235e-03
9.444502448077974482e-03
3.600816793593092369e-02
4.669252527606767775e-03
5.914258567799989680e-03
7.185335723292583104e-03
3.763581455544502512e-03
1.370277908606950742e-02
4.527879520626457155e-03
5.540741806147880290e-03
4.019860329334684623e-03
4.073827802413543080e-03
2.897762106538646302e-03
2.355588175234167927e-03
1.209554876240032974e-02
3.193332673255413773e-03
6.916011488946349241e-03
1.185335056712054184e-02
4.714951432029584194e-03
5.308895112285692136e-03
6.490061597871579595e-03
1.943866436225658067e-03
1.080265686883354753e-02
1.491496935195550134e-02
1.131307555709657776e-02
1.223893093090834376e-02
1.680696846517765186e-02
1.963648143505892715e-02
1.032726971815386106e-02
6.587100788413202158e-03
2.239133813270153400e-02
1.063447417333952469e-02
7.533007363137480573e-03
4.527449944481197475e-03
7.779102954214900389e-02
1.188418228352101404e-02
3.959870329700760500e-02
8.853016408813902879e-03
7.626998676473920567e-03
