1.000000000000000000e+00 3.182876371599743237e-01 1.303682930412600527e+01 1.102494983354990632e+00 2.611821736755153278e-01 4.433852336844215536e+00 5.291563485869031247e+00 8.837174042699672327e+00 5.972840548009376166e-02 8.878154414063745004e-02 3.829203255161922059e-01
1.000000000000000000e+00 3.174820919883372672e-01 1.266142005853221875e+01 1.103197936317727335e+00 2.402571862024188432e-01 5.636301049528562146e+00 6.189615905131535811e+00 7.918424248312446956e+00 6.183670990150916952e-02 8.885609306016985232e-02 3.822376060024438305e-01
1.000000000000000000e+00 3.188554329788196307e-01 1.276849061299850163e+01 1.104868856050390535e+00 1.921968398933019684e-01 5.134976792722664385e+00 5.502832208784368184e+00 8.491354316517570666e+00 6.427306110463683331e-02 8.887322642997774746e-02 3.828987011161824605e-01
1.000000000000000000e+00 3.138708384158527265e-01 1.296580670274413549e+01 1.100099790493720864e+00 3.363456862008321058e-02 4.417940391640740927e+00 4.808512677631502363e+00 7.721622482957458899e+00 6.818415766858040850e-02 8.841835105847418996e-02 3.841753245404995742e-01
1.000000000000000000e+00 3.194708368725121539e-01 1.248361548983326941e+01 1.101827074717900867e+00 1.244429512765371643e-01 6.086128198630411212e+00 6.382809316884735296e+00 8.422270145954895426e+00 5.836460390154749045e-02 8.884224450147415464e-02 3.820690929124490043e-01
1.000000000000000000e+00 3.228146328944334065e-01 1.255082143346681356e+01 1.103282736513718554e+00 3.013185828170141800e-01 6.691284956779929516e+00 6.257484357266182684e+00 8.018135117417401148e+00 6.128730986317729168e-02 8.875489953426464462e-02 3.824701310214304595e-01
1.000000000000000000e+00 3.145465399915011173e-01 1.305884263297502912e+01 1.098534980547831941e+00 1.423681151389956101e-01 4.012785412131242957e+00 5.540489095677349596e+00 7.627826166153989007e+00 6.688228605563795170e-02 8.835101351406786374e-02 3.840935015312678114e-01
1.000000000000000000e+00 3.106643595112242862e-01 1.313616263496386516e+01 1.101209725478474510e+00 2.036249752784248801e-01 4.924483872919015681e+00 5.092419885045099015e+00 8.210565467530987149e+00 7.162146658060637716e-02 8.815848534862207042e-02 3.846169054731754522e-01
1.000000000000000000e+00 3.183856295811389181e-01 1.271928942113312289e+01 1.100867275836480141e+00 2.689690290409063600e-01 4.225489277199510063e+00 5.339500295139530728e+00 7.616181749364496767e+00 6.253139751360020648e-02 8.867122440279440188e-02 3.845883314737566505e-01
1.000000000000000000e+00 3.184434938374870461e-01 1.225520475883841520e+01 1.102650009093571581e+00 2.384386950860566401e-01 5.684918629315268923e+00 5.689228740201960122e+00 7.919690584061382488e+00 6.053169930426290785e-02 8.898394362319830830e-02 3.813336402202707198e-01
