1.000000000000000000e+00 2.489173358360412891e+01 9.972048933479297217e-01 5.385872755053044614e+01 2.583207534430510321e+00
1.000000000000000000e+00 2.315005288105459869e+01 1.320238502260961955e+00 3.441097221653909344e+01 2.317694311012089337e+00
1.000000000000000000e+00 1.964140775712712639e+01 1.150691391544370390e+00 8.690806250656947896e+00 3.940773331981720418e+00
1.000000000000000000e+00 2.897765965931987253e+01 2.201707266692595866e+00 2.528044575279758988e+01 2.868447357627116556e+00
1.000000000000000000e+00 1.857523587185846381e+01 1.858213976307505177e+00 2.618796089524691340e+01 3.300423843722346540e+00
1.000000000000000000e+00 2.876293763649779578e+01 3.703188958961857402e+00 2.554435907674558592e+01 3.742725684387822049e+00
1.000000000000000000e+00 2.109881816439537872e+01 3.270625089485488246e+00 3.789678872037116975e+01 4.570277333427542388e+00
1.000000000000000000e+00 2.218433267521004382e+01 1.262058182046196464e+00 2.869316487599861887e+01 2.652766234779232235e+00
1.000000000000000000e+00 5.534612038444994653e+01 3.333404941027587665e+00 3.358278485636660093e+01 6.708678889385637500e-01
1.000000000000000000e+00 3.213054535601801120e+01 1.871758830223886116e+00 2.860500834369265277e+01 2.546018117737203212e+00
