2.210622353225953976e-02
9.355779811903839130e-03
6.904115106732427315e-03
1.813479311778480249e-02
1.391187748692294772e-02
8.907536170228094394e-03
1.013085092082310207e-02
1.561636148471575759e-02
4.641700010688336840e-03
3.622200688325703192e-03
1.674917064217625734e-02
1.453350733368985806e-02
2.377862010908520993e-02
1.187028495369259196e-02
1.210122268572022715e-02
3.463245999998405475e-03
2.654388264227782249e-02
1.024272184228935088e-02
7.647882226853745802e-03
6.007922799991409664e-03
5.650259058180715811e-03
3.880020002944751297e-03
8.460047897151407037e-03
1.893248778602964894e-02
1.242621601828174625e-02
7.149187291011460145e-03
1.438535584797307094e-02
3.882822764844740676e-03
8.556970203001898825e-03
6.084883735536675969e-03
4.682102254398425555e-03
1.079077864042547741e-02
8.454421805201341525e-03
1.102756330395337526e-02
6.716663336162680478e-03
1.083635027492299216e-02
4.691387714877508740e-03
1.602214294677079681e-02
6.576003731824845051e-03
5.896847969224666003e-03
1.889306856827030479e-02
6.205177545901284335e-03
2.402865142268707441e-02
9.035891101773607659e-03
6.656227818397281171e-03
1.172799342138641267e-02
1.014207069625137209e-02
1.243055289486665049e-02
1.258621215495214947e-02
1.458339956906247285e-02
1.223574305983027820e-02
1.912500429855535505e-02
4.142749420474161823e-03
4.297289363685382300e-03
6.385004829069164563e-03
1.428191116265779999e-02
7.996202749475090493e-03
4.587229326209989536e-03
8.667938531168969951e-03
9.169731758974286606e-03
1.814281254783203443e-02
6.802342885388440799e-03
7.457802847921435677e-03
3.959927518569328342e-03
1.620146920426646098e-02
1.041720948771394234e-02
4.524081441570139937e-03
7.529616485912931680e-03
4.842942285664988446e-03
9.012526211417043465e-03
1.005892256957367781e-02
8.724480540207182541e-03
3.287199795988045639e-03
2.729888858124625371e-03
4.015274271151724438e-03
1.701307746065184451e-02
9.981065447695794401e-03
1.919668397517881875e-02
4.371921831755559359e-03
7.848421921860351466e-03
5.905727423181143278e-03
1.548554742453825753e-02
5.425424855973366711e-03
1.087367119319121618e-02
1.001063692059858158e-02
6.461834925696878160e-03
1.527768175890449782e-02
8.322868409804550296e-03
6.191441851061657564e-03
2.087727264057794713e-02
5.714775234670379546e-03
6.971868724084673286e-03
7.017153812569913197e-03
9.126201215048316412e-03
1.208124869050584450e-02
5.561962499358645735e-03
6.345348899714713109e-03
8.779196366237409718e-03
9.729943542880911678e-03
9.172064180430275493e-03
