1.000000000000000000e+00 7.765125381009838179e+00 6.795777964138061122e+00 7.778822357387925601e-01 9.037809452060844961e+00 6.735228654290775552e+00 3.035482970265246827e+00 4.180249545275835921e+00 5.779657309382923297e-02 8.715630683278549617e-02 3.620536471853392779e-01
1.000000000000000000e+00 7.027649252027531546e+00 9.404988403404999531e+00 1.523845869319551349e+00 3.174784500514792107e+00 5.122695666695720185e+00 2.399380253717225742e+00 9.579135612509862341e+00 6.107165961375130014e-02 8.458567511887783719e-02 2.221353384396796971e-01
1.000000000000000000e+00 6.166103343446134311e+00 9.681898012770011164e+00 1.426341097118038803e+00 7.485048285928768586e+00 5.277404451836714472e+00 3.409326903944181364e+00 1.892151086386224978e+00 3.803765236056083632e-02 8.085233603455635465e-02 1.135411271413427764e-01
1.000000000000000000e+00 8.521938426464668481e+00 9.059792599489380649e+00 5.723468414891486056e-01 8.021878887065433616e+00 6.212281415753923675e+00 3.574286484455544866e+00 1.682169316804914772e+00 6.982405244740136352e-02 4.926881843204106853e-02 4.488419635374636396e-01
1.000000000000000000e+00 9.708232071178278133e+00 9.350938081412614622e+00 1.543238102275807044e+00 4.805832829733276412e+00 1.822621533998342258e+00 6.032666844839233988e+00 8.648293023406685265e+00 9.138038227699663008e-02 8.802597243205662059e-02 2.674723722229476186e-01
1.000000000000000000e+00 8.571346015455826972e+00 9.048206347172301989e+00 6.144630638896209085e-01 7.673631189628300930e+00 3.965834894505539499e+00 5.092364536114666329e+00 2.655391269619154837e+00 5.884329918020179268e-02 8.441019901442899098e-02 1.984164729619592726e-01
1.000000000000000000e+00 7.678370824638484748e+00 6.684698126684747166e+00 1.053094895108766860e+00 7.575371980464893795e+00 5.716119049134340102e+00 3.678375739695200597e+00 2.819026720296760935e+00 4.783314808007789465e-02 2.698885812379046151e-02 2.764262876258152257e-01
1.000000000000000000e+00 7.335057191793832310e+00 7.560894176533587085e+00 8.601790102547701711e-01 9.387244236832660960e+00 4.315735756524228250e+00 5.421305639541835752e+00 7.844003105099726980e+00 9.425758783276813602e-02 4.827976490228895468e-02 1.197532018261524417e-01
1.000000000000000000e+00 8.908824713000738527e+00 8.535332390206367137e+00 7.012123274328749822e-01 8.627921728103160603e+00 2.261498937597914427e+00 7.398540380103830749e+00 6.425403365372142517e+00 3.608895378749221033e-02 4.958740119434128929e-02 1.825840122553124001e-01
1.000000000000000000e+00 5.742171697304182310e+00 5.906363820569322520e+00 4.802159700309369672e-01 8.643102329374503512e+00 8.881731169507176560e+00 2.919649263984140042e+00 1.044631758969555335e+01 3.751229810898575046e-02 9.403221240945543180e-02 2.848163422218602872e-02
1.000000000000000000e+00 8.226072369253380145e+00 3.583117650610783578e+00 7.298948776397063964e-01 8.477383896140707975e+00 5.516758554165727801e+00 3.456842225819205527e+00 9.473702423829923447e+00 4.310523644165864532e-02 4.618440266022482560e-02 3.583124543057367162e-01
1.000000000000000000e+00 9.819413801485843862e+00 5.552350568370846062e+00 1.209984334874079970e+00 6.797341913225385390e+00 3.539905338303136695e+00 5.104200389824972817e+00 7.405139835948956417e+00 2.005066872764100366e-02 8.983133073067950392e-02 2.603768863658070809e-01
1.000000000000000000e+00 9.182762151189937327e+00 7.862909542892167813e+00 8.215502113671805384e-01 9.665386416117986101e+00 2.809265326862195877e+00 7.650850493081571280e+00 8.845580613722786367e+00 9.058739151685490931e-02 5.200250552168993873e-02 2.158696177196664512e-01
1.000000000000000000e+00 6.730090166999964651e+00 5.959225725565978848e+00 1.511518742311032781e+00 5.465584673383074410e+00 8.813167688865657823e+00 2.349790186899293865e+00 5.273401438899885108e+00 4.471198235386446979e-02 3.319676525106866893e-02 6.292933344949622199e-02
1.000000000000000000e+00 7.971027512707807183e+00 3.273027389117562080e+00 6.672073977748375073e-01 4.086934543784883189e+00 3.009577797223018880e+00 3.454617338080198330e+00 8.659792727480262187e+00 5.066470887299861364e-02 5.588018441998163915e-02 2.486439354398107260e-01
1.000000000000000000e+00 7.877092178175854720e+00 9.740453500259304676e+00 2.624593126158804690e+00 5.526223542992695137e+00 3.134909416789166681e+00 3.938012710306573183e+00 3.185154859734243615e+00 1.860286078982036073e-02 8.921729415174553535e-02 2.273861586945197244e-01
1.000000000000000000e+00 8.096165751812872458e+00 4.455797689949176466e+00 1.434534140098270738e+00 2.322751893956463309e+00 7.884174650649550031e+00 1.922359695418511816e+00 3.903738434313589245e+00 3.250823908766507786e-02 6.986094244254043018e-02 1.236922508274176102e-01
1.000000000000000000e+00 8.463156038747813525e+00 2.666208752011156147e+00 7.616397939218266799e-01 6.592499123447506548e+00 9.892531007739066240e+00 3.325579994034007836e+00 1.017444443368776952e+01 6.797064878957619072e-02 6.303463352090873939e-02 8.395740068743146045e-02
1.000000000000000000e+00 8.032207069884499617e+00 5.115706754382395083e+00 1.373623652251031668e+00 7.992930437169026625e+00 3.243118988136747483e+00 5.846432170839726439e+00 9.604805091892799851e+00 5.236392427784018061e-02 4.305566230262283106e-02 3.404694451282991308e-02
1.000000000000000000e+00 8.541854366058238668e+00 9.387204902600082335e+00 2.331554250168482056e+00 6.372321455388130218e+00 3.008526391490934149e+00 5.585431771226296860e+00 1.023959105977065676e+01 2.715141696470695434e-02 7.276749922965025652e-02 9.371594199319396856e-02
1.000000000000000000e+00 7.466695350488196326e+00 9.019990478089814800e+00 1.801355935114315354e+00 4.923448453931035473e+00 9.378148084591114042e+00 2.613625023641967360e+00 7.918869651468845916e+00 6.082341736445975172e-02 9.635821672252392611e-02 4.225176389035916608e-02
1.000000000000000000e+00 5.786183703114218702e+00 9.368523108612063055e+00 8.460195992426362555e-01 4.252618177959115897e+00 3.820953017122648898e+00 2.891577596781499615e+00 9.911630634776983584e+00 2.722670907664993811e-02 5.428564948700755760e-02 1.563313190199244751e-01
1.000000000000000000e+00 9.995405720735760724e+00 8.213375428356513908e+00 1.405075105236254229e+00 5.678964355841785050e+00 9.715015981256339472e+00 2.779614160312649407e+00 5.855839739990859272e+00 3.991640438976407079e-02 1.252103526151850457e-02 2.721208928501459567e-01
1.000000000000000000e+00 7.411251942246868119e+00 9.738606807737202331e+00 1.140890553868779245e+00 4.334495627862527733e+00 8.859256383248219180e+00 1.870655578007293540e+00 5.816502034821913192e+00 1.632276199691144736e-02 4.123460225637164134e-02 3.621391926517132376e-01
1.000000000000000000e+00 7.616383009993212383e+00 4.244395702963577044e+00 1.123369648619087391e+00 2.838495118316839871e+00 6.744628645127694888e+00 1.899300995335388986e+00 8.873439987375512317e+00 3.690921537867369179e-02 7.625594814319111570e-02 1.713318113892355055e-01
1.000000000000000000e+00 9.909196163529337298e+00 6.830082864417015287e+00 1.578542622055263855e+00 5.006634414273749556e+00 2.504728766276798080e+00 4.496246241752162476e+00 9.570280639657600119e+00 5.188872640067013209e-02 4.033960212609861290e-02 3.167038101031959818e-01
1.000000000000000000e+00 9.345333065287235286e+00 8.735007473859891292e+00 3.765808154719052059e+00 4.842653664364808819e+00 3.310099318301366722e+00 4.887152546234727168e+00 2.836346617518554325e+00 9.086428725937845119e-02 3.739059377538807294e-02 1.013846172991818284e-01
1.000000000000000000e+00 9.215774815010611576e+00 9.839819971043564095e+00 1.524847441993378627e+00 9.450229145931810848e+00 8.703868173873699376e+00 5.021831353174679435e+00 4.912636082784347380e+00 2.418737226368690429e-02 2.788008982595036739e-02 8.624726279882775903e-02
1.000000000000000000e+00 8.436586223358830239e+00 7.350765125034153691e+00 1.875090788691022858e+00 2.022739426730764123e+00 3.319174727684349957e+00 2.777447239102322385e+00 9.127126229331828711e+00 4.961739046513892470e-02 5.879080751817544054e-02 1.301860603408464545e-01
1.000000000000000000e+00 9.922590657321380903e+00 8.781708944368471492e+00 3.374821251744983819e+00 6.762801080592459435e+00 2.710556044063840986e+00 7.241602991969021019e+00 4.029478322797240608e+00 9.715151577248809511e-02 9.280508149180802246e-02 7.346864641499237236e-03
1.000000000000000000e+00 8.665550006665613481e+00 4.798166659681012192e+00 1.560216181316920414e+00 7.859392926383195643e+00 9.586058997244716551e+00 3.034514628445700968e+00 4.217309116043395534e+00 4.845752633503280782e-02 3.421035619869613326e-02 2.085185395495794958e-01
1.000000000000000000e+00 9.488354543362124360e+00 6.016576417559528878e+00 9.212063903004540366e-01 8.875929052203494152e+00 5.882055565080094972e+00 3.518039849877125036e+00 9.341687694134856557e+00 1.231712426704101304e-02 7.309651747874787442e-02 3.811755135122125715e-01
1.000000000000000000e+00 7.376545092680935944e+00 9.008731107305674612e+00 3.055952277436794873e+00 1.891131734791831498e+00 5.299259408396945759e+00 1.892388992895108757e+00 6.126851312760259738e+00 3.991449279091512092e-02 7.477942021368974568e-02 6.760896967431373472e-02
1.000000000000000000e+00 9.076082122256471152e+00 7.264054404982873692e+00 2.223518682407369162e+00 8.636780378475684472e+00 4.082708170043350293e+00 5.941126417557371475e+00 8.077011288091178187e+00 4.397529499258311103e-02 4.737600428543201070e-02 9.045171950523336890e-02
1.000000000000000000e+00 8.802173075214779985e+00 9.329041216110226742e+00 1.278315443143539287e+00 9.539199441676771585e+00 2.597100096285866577e+00 6.154513455032099678e+00 9.598866219355816298e+00 8.591582002908516869e-02 8.371524874699734498e-02 2.371543346228520421e-01
1.000000000000000000e+00 7.483243201942967104e+00 5.663733720662817106e+00 1.550884117833468689e+00 6.201548288039088419e+00 6.232754405661371067e+00 2.818564664284022747e+00 4.633677835270742840e+00 8.108148049681426772e-02 4.280547351370470044e-02 2.315561222138672881e-01
1.000000000000000000e+00 7.769219119954946962e+00 9.338837524085981556e+00 1.873962855840396013e+00 7.202925172116109387e+00 3.894434478924389431e+00 4.196163073603631055e+00 4.983462338503469091e+00 9.528595199263573123e-02 3.192390677390213871e-02 2.284311761240331307e-01
1.000000000000000000e+00 8.244905607845083750e+00 8.047494849258931993e+00 1.056413862553881478e+00 5.533225474069013217e+00 2.717909969890986321e+00 4.129142850661402520e+00 7.763376859899946858e+00 3.699027832096712931e-02 5.112497496046669587e-02 2.993517166569255594e-01
1.000000000000000000e+00 7.137388627738982194e+00 7.219411884001219804e+00 1.452805580161810939e+00 5.590494733256758053e+00 6.363536980471410587e+00 3.065034610180547237e+00 2.843056034122630304e+00 9.135619968830577253e-02 7.985934169048378162e-02 1.398281843238121935e-01
1.000000000000000000e+00 6.964556493401612869e+00 6.949616754702725885e+00 4.410592782007651813e-01 9.573899717354187544e+00 5.138922882870924802e+00 4.915467930966219257e+00 8.351956558156395261e+00 6.754464597698614514e-02 6.362091833272230657e-02 9.237007824805015810e-02
1.000000000000000000e+00 7.912927549840077290e+00 6.915331373957040562e+00 1.946663414739720821e+00 9.008757189394216880e+00 5.078467004059535661e+00 3.962702387424185790e+00 9.782118799080658178e+00 3.487486011726769614e-02 3.989477631027542326e-02 2.433668344807432271e-01
1.000000000000000000e+00 9.188357955457146176e+00 5.791737238571402102e+00 2.242452658337078741e+00 7.973506971899858797e+00 7.693892335964255480e+00 4.170056787266585907e+00 7.336695991182685006e+00 7.284059695514683019e-02 8.929949853868421328e-02 9.919442215531884544e-02
1.000000000000000000e+00 6.448188093434330526e+00 7.989477459320914576e+00 9.493136462994019587e-01 9.368782977834747783e+00 6.693611563646409301e+00 2.828772174030785180e+00 7.679370536188007357e+00 3.405421652911755359e-02 2.154253476831238800e-02 3.169307332280502099e-01
1.000000000000000000e+00 7.825832847823756211e+00 9.015906006859950139e+00 1.493989737259828088e+00 8.806636308028497950e+00 3.965693733883055128e+00 3.480764312099955404e+00 4.511371220986223562e+00 3.291906135021197000e-02 6.893848800723642589e-02 4.533129126989189905e-01
1.000000000000000000e+00 7.856762611868369994e+00 8.858701454188587121e+00 2.543931167535102400e+00 5.126013197455402626e+00 3.112351753231296314e+00 4.578700455333086339e+00 3.515529002316119644e+00 5.478260343509179509e-02 3.924438474826262568e-02 7.291025365201980746e-02
1.000000000000000000e+00 4.482194239383085588e+00 9.458082856029498942e+00 1.457349497642574265e+00 5.622764115179690769e+00 6.361091776144850662e+00 2.172963545641904748e+00 9.230194405988239481e+00 2.783691814072726881e-02 1.210072324248055893e-02 3.819810552486205962e-02
1.000000000000000000e+00 8.643790557188214763e+00 5.152513388750741719e+00 1.510649093637447926e+00 8.363349909272841387e+00 6.657369096069950309e+00 3.813042724356706881e+00 7.244229596325999054e+00 3.666642296032136122e-02 6.374349327096270890e-02 2.692131291366608448e-01
1.000000000000000000e+00 9.007678926050974866e+00 6.838730475602032399e+00 1.379438601859992897e+00 7.261403479291768548e+00 9.039527430746776560e+00 2.299530184192973614e+00 9.973857400427736053e+00 1.689783019271097822e-02 4.902693954624456896e-02 4.888825495487874595e-01
1.000000000000000000e+00 7.793874836096267522e+00 5.651551178741788029e+00 2.654762418676964164e-01 9.776534345909961843e+00 7.712431510414948121e+00 3.222009448007354671e+00 2.095332559468428890e+00 4.315016489763900953e-02 3.408052972396899416e-02 3.596382630036941697e-01
1.000000000000000000e+00 9.056491639866646182e+00 7.597361475616764892e+00 1.330551747007532759e+00 4.320112744807395266e+00 6.955896319996708321e+00 2.074393411376026286e+00 1.032872090026475576e+01 6.649984007258971652e-02 5.415797446688849076e-02 4.940283025976388021e-01
1.000000000000000000e+00 7.127920433862284355e+00 7.731896103223672156e+00 5.818769306581718093e-01 5.836233887852909419e+00 6.412541046190138871e+00 2.659238479029351510e+00 1.038699083923861366e+01 3.993695725687310127e-02 6.455586334443277896e-02 3.343402653418414694e-01
1.000000000000000000e+00 6.880384807326354490e+00 9.367890295825063163e+00 1.057902842075548744e+00 3.886766447825714010e+00 5.750068323886023514e+00 2.140191922488766885e+00 2.458896929236821016e+00 9.533511941750422158e-02 1.500806468409290884e-02 2.721286097738394583e-01
1.000000000000000000e+00 9.958067335131886466e+00 8.056326204934107338e+00 2.181964365401686923e+00 5.506017649587887419e+00 9.109770877372383779e+00 2.820531985272807241e+00 7.475591469519226706e+00 3.665100672611118493e-02 2.389502727878960869e-02 3.748654626462329387e-01
1.000000000000000000e+00 8.014579580978882234e+00 6.808675638545448550e+00 1.660709389383580259e+00 6.877688487470311252e+00 8.369215151874877634e+00 3.537969257900936526e+00 6.181407219277036624e+00 8.015740271099869307e-02 7.355605777813090107e-02 1.145148949847714787e-01
1.000000000000000000e+00 9.655304103005484251e+00 6.736300057789479823e+00 1.612782845549239674e+00 6.498495085346764455e+00 9.371587647504561858e+00 3.957447109186909451e+00 8.002477099354720735e+00 5.164473479299092062e-02 7.595509182532289572e-02 1.138138783830112549e-01
1.000000000000000000e+00 9.617478599672510953e+00 7.962792367880155986e+00 2.282896304300165990e+00 9.370350963242572107e+00 8.431120260953182566e+00 5.350571513253222555e+00 4.369459370554626076e+00 4.428178796826361813e-02 8.336640410073761776e-02 1.132021124554585811e-03
1.000000000000000000e+00 8.191380479638731060e+00 7.041871590258293345e+00 2.235781118606308571e+00 4.434079838287477315e+00 8.657400980577424576e+00 2.052768160059735614e+00 7.383943414896345203e+00 1.511380380799401055e-02 2.353863393027492978e-02 1.940594617143197309e-01
1.000000000000000000e+00 7.283732811418393460e+00 9.916250315336483823e+00 4.825384155793324692e-01 7.039395358735199615e+00 8.778610813880110442e+00 3.222956760597692316e+00 7.208418213598764446e+00 8.842095233112526320e-02 5.213315541691715405e-02 1.529932525454897885e-01
1.000000000000000000e+00 9.132415525668001521e+00 3.970154028876457630e+00 1.332321567440283738e+00 9.380694284115410397e+00 4.188750155780696538e+00 5.804229324606872353e+00 1.800692770802770015e+00 7.364593421812865026e-02 5.579738419644913322e-02 1.146442647291866512e-01
1.000000000000000000e+00 8.197564505327164852e+00 8.874628013155209771e+00 2.799086740098748471e-01 4.407961512887442979e+00 8.232931381538911353e+00 2.699251086820102508e+00 7.121796139121706837e+00 2.127174536534779531e-02 6.786088290252373367e-02 1.155588537185828768e-01
1.000000000000000000e+00 8.481428796241164747e+00 5.827610168861782292e+00 1.087074739303764304e+00 5.419140680091736328e+00 3.135965575164994412e+00 4.937205264898301138e+00 7.178093337577910127e+00 5.314276270412560121e-02 3.616256325057994742e-02 1.151866019066556945e-01
1.000000000000000000e+00 8.783499508218357121e+00 7.466632910825345526e+00 2.289321763595333348e+00 3.670025357507026964e+00 5.971954229728787311e+00 3.257036209947175909e+00 3.369062638118125008e+00 5.653456980997670356e-02 3.152170119028840922e-02 7.840684976027735564e-02
1.000000000000000000e+00 5.915983482355233747e+00 9.928698460985799557e+00 1.559923556141288969e+00 4.916283856838505884e+00 5.597075116747634915e+00 2.692331750207584307e+00 5.727511868147995067e+00 4.942534840175486638e-02 2.469550755358919381e-02 6.675139276366461039e-02
1.000000000000000000e+00 7.374959098052594975e+00 6.315932979230113098e+00 1.293072962971787421e+00 9.725094311474350661e+00 7.576985420451997300e+00 4.236642751058493417e+00 5.301117834867044465e+00 6.827012344036387237e-02 5.652750806187814558e-02 6.796845959863573317e-02
1.000000000000000000e+00 8.191889060684612645e+00 7.828424350639530793e+00 1.074747293936615611e+00 9.571063500834195992e+00 4.818089284221785285e+00 4.263266379502315573e+00 6.790117803333521884e+00 6.085800968451107740e-02 3.729102083104518517e-02 3.605300568824064689e-01
1.000000000000000000e+00 9.051717707186888617e+00 8.805192031259878149e+00 1.752245607836534491e+00 4.667774666738225164e+00 1.716084699316506867e+00 6.396683192520409733e+00 9.759089117639531352e+00 2.376049706367021341e-02 4.670140772573816434e-02 1.179547091162930494e-01
1.000000000000000000e+00 9.904194089813501023e+00 3.188008989729363307e+00 3.116760465688960258e-01 5.480690837305854934e+00 3.840560749522057282e+00 5.461734185597090452e+00 5.150701278001678318e+00 4.868224684739964198e-02 5.966590444073080479e-02 2.543519897392561013e-01
1.000000000000000000e+00 9.802934251165446256e+00 6.737367460590577117e+00 1.865801549445159635e+00 5.510628170283378147e+00 2.730162495585843452e+00 5.759102583560625988e+00 7.070262111470594135e+00 7.499212113782391387e-02 1.976135647738171824e-02 1.471816027648056580e-01
1.000000000000000000e+00 8.842771383227296056e+00 9.364162408607379362e+00 3.660633257557590170e+00 9.173857633737926065e+00 8.037756084084275443e+00 4.394347130599733475e+00 9.823620201227374338e+00 5.788167752409213718e-02 8.197420032294217007e-02 8.012383904631271980e-02
1.000000000000000000e+00 9.414478367811247139e+00 6.261908583151479135e+00 9.634066525249501689e-01 3.797390993285798544e+00 4.316177229351869649e+00 3.895938786942653387e+00 2.091745352825798321e+00 6.990271486377108712e-02 8.265277000245771499e-02 2.030403640909194118e-01
1.000000000000000000e+00 9.299295546080436736e+00 3.761435509336873650e+00 1.430529041260391709e+00 7.870446262846799712e+00 6.828199323435953261e+00 4.508471826527679305e+00 4.173805713607849022e+00 2.447541904122142037e-02 6.972980950186793980e-02 4.002410801114253402e-02
1.000000000000000000e+00 8.567005700477370311e+00 8.129999468716661681e+00 1.394675969914132230e+00 7.140641885901414021e+00 5.251455519526802007e+00 2.705824462395684193e+00 4.003332741802017480e+00 1.426765132643241507e-02 8.033719896944044314e-02 4.586162884060882572e-01
1.000000000000000000e+00 6.675329791346347186e+00 7.343018860231180334e+00 6.679831152079083179e-01 2.181711433107914822e+00 6.169063809868324810e+00 1.659680373978399182e+00 8.685958745520604651e+00 7.257324079065258227e-02 6.187892022982542650e-02 2.449476606856169636e-01
1.000000000000000000e+00 7.205284428567842347e+00 7.346334342576259502e+00 1.870296697561396604e+00 9.964267272407708376e+00 5.740485314629977687e+00 3.618575416946271162e+00 3.363280470138168887e+00 1.897104938232105006e-02 3.448156952982200235e-02 1.606101172067068983e-01
1.000000000000000000e+00 9.381490819956077587e+00 5.605245700438257650e+00 2.814377068772766943e+00 8.077232022181505045e+00 7.005343156080583000e+00 4.517312836395320552e+00 4.567419865567936554e+00 8.743840279825422501e-02 7.802564683677160051e-02 3.931024086170908927e-02
1.000000000000000000e+00 9.608908543922554557e+00 8.781203163655995070e+00 1.684671822376817563e+00 5.500108757395910430e+00 7.377231966389951268e+00 3.027359325717659644e+00 6.767952660682679422e+00 7.717716924208606333e-02 6.361014695488111104e-02 3.670598369908250613e-01
1.000000000000000000e+00 7.233773877206987279e+00 5.986823543048931384e+00 7.443228918703266306e-01 9.906197059795026405e+00 9.651223034732947070e+00 3.185826789486517541e+00 3.047406908279051585e+00 4.534936265360187124e-02 9.746826337884750835e-02 1.373452219286017406e-01
1.000000000000000000e+00 8.123470466454064010e+00 7.259580272028884451e+00 1.673062999632068504e+00 8.597868698646625063e+00 3.884490276344440662e+00 3.807935769542954318e+00 7.029804200336995379e+00 7.953363409012612073e-02 4.675283311403008457e-02 3.131848550475370141e-01
1.000000000000000000e+00 9.381749592663620518e+00 9.700077723314802114e+00 1.536349897086541239e+00 8.519026596022587938e+00 1.436085576462674096e+00 7.653234828767266684e+00 7.631890090168698570e+00 6.114514149442273894e-02 3.610491498838957342e-02 3.160257387335708712e-01
1.000000000000000000e+00 7.012284641079604697e+00 6.470053994964283461e+00 9.163617172120410714e-01 8.996571374170304836e+00 2.119885252171519685e+00 7.056825702490021612e+00 5.944518660736464177e+00 1.327006222899643553e-02 4.614207815467590013e-02 1.064726663287934583e-01
1.000000000000000000e+00 9.485922169536060267e+00 9.437689338712562659e+00 1.676612405166749475e+00 6.943408200207811909e+00 8.020603423586823766e+00 3.331356003128726595e+00 3.224841455727471384e+00 7.271949881933637005e-02 7.345752777223235608e-02 2.690769085306421449e-01
1.000000000000000000e+00 9.006282379462369647e+00 7.083874201986668062e+00 7.262380384830013913e-01 7.771743472883984261e+00 2.473227984507064825e+00 4.722219447248360069e+00 4.492484144475631602e+00 2.970508620794740789e-02 3.598125209375571676e-02 3.969704874117847559e-01
1.000000000000000000e+00 6.123549063862300024e+00 8.066487101052402409e+00 9.410390451510450838e-01 7.365116847135801947e+00 9.043448372514962585e+00 2.203242888155687140e+00 6.187636687792484658e+00 1.476718603782104303e-02 1.036225270119104334e-02 2.610545639133904916e-01
1.000000000000000000e+00 6.217561272402127415e+00 9.126631110244597167e+00 1.401812774965776942e+00 8.568823984264328786e+00 1.863684873851831902e+00 6.106163930724200384e+00 6.086069882455590552e+00 6.917593177837368101e-02 8.356025773486056019e-02 1.270184992965507076e-01
1.000000000000000000e+00 8.581071770456667025e+00 7.973227908865070823e+00 3.678742847181980524e-01 8.032703842732946242e+00 4.398261581157891342e+00 4.977521575302636947e+00 2.912589360189356213e+00 6.937857295682234304e-02 3.936860468154251835e-02 3.385332588527699138e-01
1.000000000000000000e+00 5.950840893357193906e+00 5.143677315529682659e+00 3.791269832363064474e-01 1.235595973019336657e+00 9.614604534346991471e+00 1.075506393562941643e+00 5.316712823571517532e+00 6.300857235450174620e-02 4.439397417306883975e-02 6.808873176650162562e-02
1.000000000000000000e+00 5.736133009348924006e+00 4.795917301134881683e+00 1.045226979896820341e+00 7.969032222933988940e+00 6.116466796690632535e+00 2.519736416632379239e+00 6.460106113697856145e+00 7.381983586733614766e-02 9.531834547719655881e-02 1.332182590419614954e-01
1.000000000000000000e+00 8.938033545511141043e+00 8.022909395144395717e+00 8.016390153019786746e-01 7.032657889279553487e+00 4.745761807328291226e+00 4.137640769778469618e+00 6.645055428751870608e+00 2.793011109529962982e-02 4.316852580491574443e-02 2.711235125455951911e-01
1.000000000000000000e+00 7.665502492538948331e+00 5.727725426812156684e+00 5.601340858889153340e-01 8.600242227395304084e+00 6.994785421897516287e+00 4.790388596100143559e+00 4.241292862134596220e+00 9.499723123860659424e-02 8.476219006688245905e-02 2.088353192606332009e-02
1.000000000000000000e+00 9.915502819428400727e+00 6.485941761280294315e+00 1.408750709091504794e+00 6.601694364744647991e+00 4.720821391688698299e+00 6.458792798739332319e+00 5.985654224161300441e+00 1.463355677118158282e-02 5.092272520026164956e-02 2.386618024350764533e-03
1.000000000000000000e+00 8.302263221682215644e+00 9.897999812562396471e+00 2.523584001128534204e+00 4.038692096516186325e+00 3.551620486705871826e+00 3.008513991519571107e+00 8.386486600513878287e+00 6.891099650769180740e-02 5.222820566853934171e-02 3.454015867528753003e-01
1.000000000000000000e+00 9.391116519449346001e+00 5.042087759223031540e+00 1.914367914186814845e+00 8.097665525006551235e+00 7.938180079323973182e+00 4.333285168030448276e+00 4.037847461311058872e+00 2.274420694170889434e-02 3.616710378080690430e-02 1.175028478478207100e-01
1.000000000000000000e+00 8.009388787750971517e+00 8.877489819310401487e+00 2.115199494352979936e+00 6.931599805522145274e+00 4.344468507697415660e+00 3.389876557116331846e+00 8.908784760190252783e+00 8.166748618275346261e-02 6.212270816769885351e-02 2.564049223503120922e-01
1.000000000000000000e+00 8.141064203547102807e+00 2.576141624917045014e+00 2.950589566193855262e-01 6.487710015865132185e+00 6.926260122316523216e+00 3.710365244514679084e+00 5.969993137010034978e+00 6.641646349007138128e-02 9.040293375804231424e-02 1.056034428653993690e-01
1.000000000000000000e+00 7.342212017610477481e+00 5.408963499897835092e+00 1.410946408596748247e+00 7.981452157246005541e+00 3.039491834259516523e+00 5.138551813177042682e+00 8.602934391763376709e+00 2.079298894064648268e-02 4.060346940543895639e-02 1.686896622493034847e-01
1.000000000000000000e+00 8.864930561875018711e+00 6.733833689835549308e+00 1.093019007185044078e+00 5.972426904910051348e+00 6.947281903784807255e+00 4.201229802092042220e+00 2.348329215943819825e+00 3.058924580375634722e-02 3.251039460342310117e-02 1.145329670797093358e-02
1.000000000000000000e+00 8.671409278081622318e+00 8.597556752188857843e+00 2.140798158507692950e+00 8.524670727999817288e+00 9.341162063401974081e+00 3.394916072099224635e+00 1.384895276423445010e+00 5.808404350923783432e-02 4.278050462212708988e-02 2.715197020083929824e-01
1.000000000000000000e+00 9.498555119779890532e+00 7.433651342835559284e+00 1.983326060870408414e+00 9.665506793673440455e+00 4.723534488921051988e+00 5.685309053058668738e+00 5.250435643352796333e+00 7.188035058108342701e-02 1.222663612664310305e-02 1.762950643641319204e-01
1.000000000000000000e+00 9.812618751731388755e+00 8.989289256228335745e+00 1.260605101150279461e+00 7.541331151650283893e+00 7.430301440877332908e+00 4.877372529171744020e+00 9.937298286414762316e+00 3.337737357288111939e-02 3.497800914172489312e-02 1.728277338980826472e-01
1.000000000000000000e+00 6.588393675872627142e+00 5.690635271688247343e+00 2.552906752304733295e-01 9.660129898268063897e+00 8.044739390551658431e+00 3.785128561809159020e+00 9.661504614240081779e+00 8.473013548986024768e-02 9.982408398669642691e-02 4.177361799198417436e-02
